X	Y
0.000	0.140
0.417	1.280
0.834	2.324
1.250	3.377
1.667	4.850
2.084	6.164
2.501	6.739
2.917	8.203
3.334	8.816
3.751	10.816
4.168	11.425
4.585	12.430
5.001	13.995
5.418	14.971
5.835	16.053
6.252	17.029
6.668	18.594
7.085	20.068
7.502	21.333
7.919	22.242
8.336	23.700
8.752	24.072
9.169	24.348
9.586	26.169
10.003	27.836
10.419	28.783
10.836	30.705
11.253	31.686
11.670	32.599
12.087	33.043
12.503	34.111
12.920	34.773
13.337	36.787
13.754	38.546
14.171	40.348
14.587	41.280
15.004	41.870
15.421	43.082
15.838	44.971
16.254	46.435
16.671	46.816
17.088	47.382
17.505	49.203
17.922	50.565
18.338	52.386
18.755	54.343
19.172	54.899
19.589	61.512
20.005	69.594
20.422	78.464
20.839	88.483
21.256	104.328
21.673	123.527
22.089	134.565
22.506	134.874
22.923	123.565
23.340	108.845
23.756	108.014
24.173	121.353
24.590	134.285
25.007	136.396
25.424	134.396
25.840	152.657
26.257	161.754
26.674	154.304
27.091	159.203
27.507	187.029
27.924	208.222
28.341	198.478
28.758	167.019
29.175	154.512
29.591	161.473
30.008	167.614
30.425	177.874
30.842	181.710
31.258	179.928
31.675	181.000
32.092	200.411
32.509	218.551
32.926	240.541
33.342	251.667
33.759	242.957
34.176	236.845
34.593	208.546
35.010	197.459
35.426	193.188
35.843	199.256
36.260	198.077
36.677	186.783
37.093	170.734
37.510	168.546
37.927	167.449
38.344	164.377
38.761	163.101
39.177	159.261
39.594	161.618
40.011	176.937
40.428	194.300
40.844	200.710
41.261	187.580
41.678	171.894
42.095	174.643
42.512	183.169
42.928	188.415
43.345	189.942
43.762	192.304
44.179	193.063
44.595	200.662
45.012	205.343
45.429	203.391
45.846	198.377
46.263	201.493
46.679	213.541
47.096	239.976
47.513	258.836
47.930	243.256
48.346	218.884
48.763	207.449
49.180	207.179
49.597	207.261
50.014	207.266
50.430	220.029
50.847	237.884
51.264	243.179
51.681	236.072
52.097	235.266
52.514	253.715
52.931	273.725
53.348	273.836
53.765	261.077
54.181	250.889
54.598	245.821
55.015	239.126
55.432	232.990
55.849	224.831
56.265	222.256
56.682	225.464
57.099	229.522
57.516	235.024
57.932	229.560
58.349	225.942
58.766	222.386
59.183	217.932
59.600	209.831
60.016	210.894
60.433	219.899
60.850	219.155
61.267	219.435
61.683	238.585
62.100	254.150
62.517	256.072
62.934	254.522
63.351	260.319
63.767	263.478
64.184	247.841
64.601	232.580
65.018	241.063
65.434	277.821
65.851	325.614
66.268	359.672
66.685	338.749
67.102	291.333
67.518	257.638
67.935	242.662
68.352	240.444
68.769	243.831
69.185	260.575
69.602	284.440
70.019	290.604
70.436	275.116
70.853	258.319
71.269	242.150
71.686	239.855
72.103	243.449
72.520	252.899
72.936	257.372
73.353	267.092
73.770	261.082
74.187	255.304
74.604	245.203
75.020	233.783
75.437	232.845
75.854	241.942
76.271	245.787
76.688	256.527
77.104	263.155
77.521	261.981
77.938	246.749
78.355	227.527
78.771	211.812
79.188	226.565
79.605	243.826
80.022	247.947
80.439	245.295
80.855	238.995
81.272	238.565
81.689	221.512
82.106	216.671
82.522	218.749
82.939	224.874
83.356	240.512
83.773	259.415
84.190	269.396
84.606	263.623
85.023	243.749
85.440	227.913
85.857	244.000
86.273	259.406
86.690	265.469
87.107	267.749
87.524	270.802
87.941	264.797
88.357	257.420
88.774	244.947
89.191	222.546
89.608	216.845
90.024	227.000
90.441	245.271
90.858	269.396
91.275	275.502
91.692	277.367
92.108	288.502
92.525	296.585
92.942	293.604
93.359	282.990
93.775	271.884
94.192	261.585
94.609	253.488
95.026	261.237
95.443	305.488
95.859	333.507
96.276	330.638
96.693	298.430
97.110	268.638
97.526	242.734
97.943	237.739
98.360	246.309
98.777	272.300
99.194	297.101
99.610	293.575
100.027	269.121
100.444	253.527
100.861	248.874
101.278	244.720
101.694	252.628
102.111	254.758
102.528	241.966
102.945	233.459
103.361	222.101
103.778	224.415
104.195	236.512
104.612	246.700
105.029	241.502
105.445	256.700
105.862	260.986
106.279	266.348
106.696	266.338
107.112	257.227
107.529	251.879
107.946	261.222
108.363	271.768
108.780	269.720
109.196	253.357
109.613	241.816
110.030	228.821
110.447	230.604
110.863	231.816
111.280	235.961
111.697	245.551
112.114	266.469
112.531	264.435
112.947	254.594
113.364	239.440
113.781	237.304
114.198	245.614
114.614	260.570
115.031	298.179
115.448	325.744
115.865	319.473
116.282	297.860
116.698	288.981
117.115	280.391
117.532	270.266
117.949	275.242
118.365	266.667
118.782	256.406
119.199	261.280
119.616	270.077
120.033	265.469
120.449	264.551
120.866	283.058
121.283	313.536
121.700	323.768
122.117	309.420
122.533	279.816
122.950	260.304
123.367	249.502
123.784	264.657
124.200	297.976
124.617	343.899
125.034	372.333
125.451	373.266
125.868	311.667
126.284	289.319
126.701	295.106
127.118	307.000
127.535	299.502
127.951	305.889
128.368	319.729
128.785	319.725
129.202	303.126
129.619	277.957
130.035	274.106
130.452	287.957
130.869	305.894
131.286	333.357
131.702	345.464
132.119	373.203
132.536	373.411
132.953	362.860
133.370	342.643
133.786	316.357
134.203	311.628
134.620	318.019
135.037	348.126
135.453	375.126
135.870	370.773
136.287	339.657
136.704	290.217
137.121	281.203
137.537	302.672
137.954	348.560
138.371	369.217
138.788	351.947
139.204	339.763
139.621	329.309
140.038	336.787
140.455	335.478
140.872	340.889
141.288	323.899
141.705	302.778
142.122	289.319
142.539	297.681
142.956	332.198
143.372	361.415
143.789	335.459
144.206	314.758
144.623	316.536
145.039	288.705
145.456	274.966
145.873	286.039
146.290	313.604
146.707	333.126
147.123	324.222
147.540	330.386
147.957	352.676
148.374	364.043
148.790	370.435
149.207	363.314
149.624	316.667
150.041	290.676
150.458	290.773
150.874	300.382
151.291	302.681
151.708	331.106
152.125	347.005
152.541	357.589
152.958	344.841
153.375	320.464
153.792	323.986
154.209	339.749
154.625	346.947
155.042	359.386
155.459	380.184
155.876	387.710
156.292	389.203
156.709	394.082
157.126	394.449
157.543	401.227
157.960	420.589
158.376	428.522
158.793	432.126
159.210	410.449
159.627	380.961
160.043	364.783
160.460	369.517
160.877	381.063
161.294	402.758
161.711	433.111
162.127	462.705
162.544	450.034
162.961	409.000
163.378	396.870
163.794	404.024
164.211	390.570
164.628	391.343
165.045	405.986
165.462	444.106
165.878	464.440
166.295	468.826
166.712	489.126
167.129	496.585
167.546	481.937
167.962	461.565
168.379	477.411
168.796	494.043
169.213	529.483
169.629	572.087
170.046	590.237
170.463	584.908
170.880	599.633
171.297	651.787
171.713	665.763
172.130	653.237
172.547	631.647
172.964	624.604
173.380	638.319
173.797	645.643
174.214	665.908
174.631	705.894
175.048	702.652
175.464	700.324
175.881	696.222
176.298	723.643
176.715	768.386
177.131	811.957
177.548	841.493
177.965	853.348
178.382	839.111
178.799	835.710
179.215	855.628
179.632	876.435
180.049	901.353
180.466	929.570
180.882	909.464
181.299	892.266
181.716	861.981
182.133	882.560
182.550	930.483
182.966	1002.150
183.383	1040.899
183.800	1026.502
184.217	993.034
184.633	1014.444
185.050	1040.372
185.467	1077.628
185.884	1114.918
186.301	1134.198
186.717	1161.995
187.134	1164.000
187.551	1189.488
187.968	1265.720
188.385	1302.430
188.801	1340.063
189.218	1396.932
189.635	1451.705
190.052	1440.879
190.468	1430.797
190.885	1441.536
191.302	1500.565
191.719	1549.043
192.136	1529.715
192.552	1556.662
192.969	1615.348
193.386	1674.024
193.803	1730.101
194.219	1755.097
194.636	1758.367
195.053	1732.527
195.470	1728.010
195.887	1737.111
196.303	1787.391
196.720	1801.768
197.137	1840.594
197.554	1845.937
197.970	1880.338
198.387	1949.213
198.804	2038.894
199.221	2057.024
199.638	2107.087
200.054	2111.556
200.471	2105.256
200.888	2151.150
201.305	2211.029
201.721	2157.686
202.138	2122.435
202.555	2162.700
202.972	2169.058
203.389	2196.068
203.805	2217.787
204.222	2300.319
204.639	2382.623
205.056	2389.584
205.472	2384.367
205.889	2418.536
206.306	2463.073
206.723	2449.473
207.140	2453.807
207.556	2460.039
207.973	2518.850
208.390	2601.942
208.807	2657.875
209.224	2679.005
209.640	2656.855
210.057	2689.314
210.474	2745.749
210.891	2759.787
211.307	2788.744
211.724	2792.787
212.141	2823.164
212.558	2781.019
212.975	2729.870
213.391	2687.357
213.808	2634.995
214.225	2610.043
214.642	2621.396
215.058	2681.797
215.475	2725.043
215.892	2773.580
216.309	2783.618
216.726	2840.618
217.142	2921.043
217.559	2925.860
217.976	2936.367
218.393	2888.150
218.809	2863.000
219.226	2881.386
219.643	2921.990
220.060	2971.130
220.477	3018.010
220.893	3032.778
221.310	2985.584
221.727	2938.125
222.144	3018.329
222.560	3093.671
222.977	3118.754
223.394	3145.952
223.811	3140.150
224.228	3109.121
224.644	3073.208
225.061	2976.522
225.478	2972.058
225.895	2945.705
226.311	2988.382
226.728	3051.618
227.145	3148.845
227.562	3205.763
227.979	3256.111
228.395	3305.159
228.812	3359.449
229.229	3386.560
229.646	3402.589
230.062	3433.976
230.479	3448.444
230.896	3457.889
231.313	3366.261
231.730	3216.251
232.146	3157.261
232.563	3203.527
232.980	3246.609
233.397	3258.135
233.814	3274.879
234.230	3361.290
234.647	3443.681
235.064	3443.121
235.481	3350.058
235.897	3318.759
236.314	3273.261
236.731	3187.498
237.148	3190.014
237.565	3183.068
237.981	3157.812
238.398	3217.556
238.815	3211.898
239.232	3128.135
239.648	3173.353
240.065	3279.498
240.482	3293.986
240.899	3183.290
241.316	3031.087
241.732	2946.169
242.149	2946.256
242.566	3000.643
242.983	2972.710
243.399	2995.773
243.816	3089.256
244.233	3111.159
244.650	3029.478
245.067	2937.628
245.483	2922.522
245.900	2990.638
246.317	3007.860
246.734	2982.271
247.150	2814.121
247.567	2767.966
247.984	2658.792
248.401	2673.295
248.818	2731.710
249.234	2837.932
249.651	2897.232
250.068	2985.787
250.485	3069.043
250.901	3137.589
251.318	3128.768
251.735	3021.865
252.152	2948.976
252.569	2894.324
252.985	2843.541
253.402	2767.357
253.819	2786.145
254.236	2763.715
254.653	2758.102
255.069	2734.024
255.486	2772.638
255.903	2744.241
256.320	2694.401
256.736	2639.594
257.153	2580.159
257.570	2514.217
257.987	2512.483
258.404	2543.898
258.820	2501.676
259.237	2513.739
259.654	2575.246
260.071	2562.618
260.487	2529.609
260.904	2465.309
261.321	2484.261
261.738	2516.043
262.155	2516.754
262.571	2452.391
262.988	2376.614
263.405	2324.169
263.822	2275.150
264.238	2294.169
264.655	2363.836
265.072	2513.377
265.489	2546.773
265.906	2483.039
266.322	2406.923
266.739	2330.449
267.156	2264.971
267.573	2268.609
267.989	2307.464
268.406	2306.870
268.823	2257.275
269.240	2174.048
269.657	2143.696
270.073	2158.454
270.490	2153.155
270.907	2177.686
271.324	2194.937
271.740	2157.300
272.157	2153.976
272.574	2200.729
272.991	2197.174
273.408	2183.855
273.824	2137.628
274.241	2070.435
274.658	1991.174
275.075	1967.720
275.492	1957.261
275.908	1961.275
276.325	1965.531
276.742	2009.662
277.159	1997.073
277.575	1974.870
277.992	1993.048
278.409	2061.179
278.826	2152.918
279.243	2235.338
279.659	2199.860
280.076	2146.256
280.493	2084.662
280.910	2018.280
281.326	2008.855
281.743	2075.106
282.160	2081.416
282.577	2071.285
282.994	2035.077
283.410	1963.985
283.827	1943.754
284.244	1955.995
284.661	1995.111
285.077	1934.860
285.494	1900.792
285.911	1927.927
286.328	1896.024
286.745	1840.068
287.161	1853.348
287.578	1868.343
287.995	1863.010
288.412	1829.797
288.828	1822.063
289.245	1842.401
289.662	1882.275
290.079	1883.314
290.496	1846.039
290.912	1803.444
291.329	1793.560
291.746	1738.304
292.163	1687.251
292.579	1646.816
292.996	1699.942
293.413	1693.135
293.830	1695.140
294.247	1696.498
294.663	1732.150
295.080	1770.807
295.497	1749.633
295.914	1710.565
296.331	1659.831
296.747	1649.444
297.164	1621.382
297.581	1574.739
297.998	1567.686
298.414	1554.570
298.831	1530.802
299.248	1488.237
299.665	1459.700
300.082	1433.111
300.498	1406.082
300.915	1423.836
301.332	1409.430
301.749	1429.261
302.165	1483.580
302.582	1523.517
302.999	1497.493
303.416	1433.647
303.833	1371.536
304.249	1397.614
304.666	1454.430
305.083	1466.768
305.500	1494.831
305.916	1504.932
306.333	1508.126
306.750	1525.981
307.167	1499.831
307.584	1472.300
308.000	1484.594
308.417	1495.580
308.834	1454.449
309.251	1436.507
309.667	1443.295
310.084	1445.275
310.501	1445.126
310.918	1406.324
311.335	1382.966
311.751	1401.961
312.168	1428.647
312.585	1453.024
313.002	1399.000
313.418	1363.976
313.835	1407.309
314.252	1420.333
314.669	1363.860
315.086	1317.942
315.502	1271.952
315.919	1250.502
316.336	1281.932
316.753	1348.845
317.169	1392.642
317.586	1375.870
318.003	1330.493
318.420	1252.029
318.837	1208.300
319.253	1179.908
319.670	1206.198
320.087	1249.874
320.504	1253.271
320.921	1177.985
321.337	1126.797
321.754	1100.850
322.171	1081.961
322.588	1105.271
323.004	1102.923
323.421	1106.778
323.838	1106.179
324.255	1099.575
324.672	1058.802
325.088	1037.024
325.505	1026.527
325.922	1004.198
326.339	1006.043
326.755	1029.749
327.172	1059.464
327.589	1072.575
328.006	1123.575
328.423	1135.184
328.839	1122.841
329.256	1121.488
329.673	1089.053
330.090	1051.169
330.506	1010.039
330.923	1001.932
331.340	981.377
331.757	937.391
332.174	969.295
332.590	1055.478
333.007	1094.145
333.424	1056.444
333.841	971.019
334.257	964.116
334.674	977.251
335.091	1024.739
335.508	1082.947
335.925	1042.024
336.341	1004.198
336.758	1028.493
337.175	1054.556
337.592	1047.203
338.008	1013.604
338.425	986.213
338.842	972.705
339.259	1048.358
339.676	1132.005
340.092	1138.589
340.509	1081.411
340.926	1039.425
341.343	1015.696
341.760	1018.638
342.176	1005.304
342.593	1002.029
343.010	1005.990
343.427	954.488
343.843	880.444
344.260	876.638
344.677	927.082
345.094	981.797
345.511	983.836
345.927	933.184
346.344	908.995
346.761	944.271
347.178	947.792
347.594	925.430
348.011	929.159
348.428	943.643
348.845	926.353
349.262	914.406
349.678	899.609
350.095	929.855
350.512	959.517
350.929	927.348
351.345	940.860
351.762	983.169
352.179	1017.778
352.596	1017.604
353.013	994.652
353.429	987.961
353.846	995.295
354.263	958.845
354.680	920.498
355.096	887.507
355.513	818.874
355.930	778.845
356.347	780.227
356.764	795.821
357.180	816.522
357.597	829.517
358.014	828.758
358.431	827.981
358.847	793.077
359.264	777.072
359.681	832.522
360.098	856.391
360.515	862.483
360.931	884.783
361.348	914.990
361.765	874.672
362.182	861.807
362.599	905.918
363.015	902.140
363.432	865.188
363.849	829.328
364.266	857.845
364.682	948.174
365.099	965.870
365.516	944.874
365.933	921.981
366.350	894.290
366.766	877.039
367.183	862.681
367.600	865.087
368.017	866.816
368.433	877.082
368.850	880.256
369.267	866.942
369.684	870.459
370.101	877.454
370.517	910.580
370.934	929.952
371.351	949.217
371.768	940.473
372.184	981.652
372.601	1009.565
373.018	983.517
373.435	904.328
373.852	920.720
374.268	942.415
374.685	935.043
375.102	941.242
375.519	907.681
375.935	849.623
376.352	858.222
376.769	867.744
377.186	818.106
377.603	810.072
378.019	806.179
378.436	781.652
378.853	732.343
379.270	724.406
379.686	710.478
380.103	766.894
380.520	839.512
380.937	866.266
381.354	826.010
381.770	770.739
382.187	767.053
382.604	765.942
383.021	786.701
383.438	808.816
383.854	799.923
384.271	770.667
384.688	719.242
385.105	701.816
385.521	718.232
385.938	712.406
386.355	670.488
386.772	673.130
387.189	716.961
387.605	730.372
388.022	766.145
388.439	863.942
388.856	934.845
389.272	891.208
389.689	855.855
390.106	804.179
390.523	758.860
390.940	726.667
391.356	738.618
391.773	748.845
392.190	757.304
392.607	796.396
393.023	881.116
393.440	919.116
393.857	889.338
394.274	864.614
394.691	844.019
395.107	846.874
395.524	856.676
395.941	844.333
396.358	794.459
396.774	793.507
397.191	817.667
397.608	841.961
398.025	817.473
398.442	787.821
398.858	779.319
399.275	849.164
399.692	882.734
400.109	840.116
400.525	777.662
400.942	755.845
401.359	791.696
401.776	818.768
402.193	837.271
402.609	802.449
403.026	773.213
403.443	776.715
403.860	754.845
404.276	750.633
404.693	769.193
405.110	806.541
405.527	806.130
405.944	776.928
406.360	766.604
406.777	749.986
407.194	741.246
407.611	745.952
408.028	742.754
408.444	771.594
408.861	777.135
409.278	779.826
409.695	801.932
410.111	848.029
410.528	845.203
410.945	819.275
411.362	784.188
411.779	772.435
412.195	716.145
412.612	713.053
413.029	772.749
413.446	799.203
413.862	771.754
414.279	739.560
414.696	740.029
415.113	730.633
415.530	746.913
415.946	767.802
416.363	756.164
416.780	707.527
417.197	672.043
417.613	672.899
418.030	704.720
418.447	694.937
418.864	709.072
419.281	725.068
419.697	765.870
420.114	800.903
420.531	809.164
420.948	809.493
421.364	774.715
421.781	739.391
422.198	728.758
422.615	703.343
423.032	659.865
423.448	624.701
423.865	647.048
424.282	649.604
424.699	629.971
425.115	611.106
425.532	569.169
425.949	565.164
426.366	580.807
426.783	602.010
427.199	630.469
427.616	667.647
428.033	676.469
428.450	657.435
428.867	580.643
429.283	580.275
429.700	606.899
430.117	642.386
430.534	625.937
430.950	577.744
431.367	577.377
431.784	544.396
432.201	519.609
432.618	526.126
433.034	538.208
433.451	550.957
433.868	562.705
434.285	529.826
434.701	503.957
435.118	518.256
435.535	565.333
435.952	613.502
436.369	638.570
436.785	597.662
437.202	562.454
437.619	554.140
438.036	552.464
438.452	590.391
438.869	585.802
439.286	548.792
439.703	506.874
440.120	533.256
440.536	579.821
440.953	626.841
441.370	620.193
441.787	602.807
442.203	610.464
442.620	634.150
443.037	635.807
443.454	603.560
443.871	576.169
444.287	572.937
444.704	596.638
445.121	615.362
445.538	621.251
445.954	605.435
446.371	561.995
446.788	571.792
447.205	600.053
447.622	618.169
448.038	633.565
448.455	625.966
448.872	617.304
449.289	572.213
449.706	532.754
450.122	526.415
450.539	555.647
450.956	605.850
451.373	653.053
451.789	669.043
452.206	671.507
452.623	649.821
453.040	638.271
453.457	593.981
453.873	545.807
454.290	513.643
454.707	494.222
455.124	519.063
455.540	562.913
455.957	565.696
456.374	556.362
456.791	559.174
457.208	577.198
457.624	572.000
458.041	552.386
458.458	556.097
458.875	555.469
459.291	520.966
459.708	532.000
460.125	541.324
460.542	560.242
460.959	558.121
461.375	572.208
461.792	577.130
462.209	550.531
462.626	532.913
463.042	536.502
463.459	570.174
463.876	560.266
464.293	555.589
464.710	535.787
465.126	526.126
465.543	542.227
465.960	549.942
466.377	530.705
466.793	473.710
467.210	446.000
467.627	463.000
468.044	491.952
468.461	502.816
468.877	475.401
469.294	478.488
469.711	511.614
470.128	545.841
470.544	563.638
470.961	546.976
471.378	505.193
471.795	495.493
472.212	521.401
472.628	539.725
473.045	548.488
473.462	536.947
473.879	496.087
474.296	491.193
474.712	523.024
475.129	581.623
475.546	616.923
475.963	594.246
476.379	546.338
476.796	510.155
477.213	498.072
477.630	491.077
478.047	497.473
478.463	483.169
478.880	469.005
479.297	444.841
479.714	418.585
480.130	417.140
480.547	442.222
480.964	470.705
481.381	480.000
481.798	478.271
482.214	465.870
482.631	458.386
483.048	466.531
483.465	462.763
483.881	467.812
484.298	477.531
484.715	504.145
485.132	539.444
485.549	549.918
485.965	518.594
486.382	509.589
486.799	528.338
487.216	520.580
487.632	487.014
488.049	450.179
488.466	434.783
488.883	407.184
489.300	360.841
489.716	357.411
490.133	387.435
490.550	409.386
490.967	443.696
491.383	465.135
491.800	460.758
492.217	431.396
492.634	410.797
493.051	434.908
493.467	487.812
493.884	477.275
494.301	448.812
494.718	437.406
495.135	475.604
495.551	509.812
495.968	525.266
496.385	508.039
496.802	470.725
497.218	457.725
497.635	499.536
498.052	520.908
498.469	489.159
498.886	467.333
499.302	448.082
499.719	419.783
500.136	421.961
500.553	410.300
500.969	386.831
501.386	398.440
501.803	412.411
502.220	431.947
502.637	454.014
503.053	434.884
503.470	405.966
503.887	437.773
504.304	449.551
504.720	419.319
505.137	392.174
505.554	399.391
505.971	416.469
506.388	405.319
506.804	387.271
507.221	421.411
507.638	456.744
508.055	457.879
508.471	430.580
508.888	419.391
509.305	416.899
509.722	398.527
510.139	408.454
510.555	458.870
510.972	473.739
511.389	474.681
511.806	482.420
512.222	499.995
512.639	508.087
513.056	473.633
513.473	445.802
513.890	428.135
514.306	441.957
514.723	455.536
515.140	444.628
515.557	428.304
515.974	408.014
516.390	386.981
516.807	366.816
517.224	364.874
517.641	370.647
518.057	397.193
518.474	452.048
518.891	435.213
519.308	398.705
519.725	368.145
520.141	357.894
520.558	361.536
520.975	397.884
521.392	463.333
521.808	549.879
522.225	527.246
522.642	446.792
523.059	399.995
523.476	369.014
523.892	405.638
524.309	420.164
524.726	429.643
525.143	459.676
525.559	485.019
525.976	477.430
526.393	453.401
526.810	440.691
527.227	436.899
527.643	409.758
528.060	370.792
528.477	361.498
528.894	391.807
529.310	443.024
529.727	533.333
530.144	560.396
530.561	512.309
530.978	466.541
531.394	470.024
531.811	478.203
532.228	487.256
532.645	497.343
533.061	457.792
533.478	429.184
533.895	415.879
534.312	407.198
534.729	400.889
535.145	400.860
535.562	389.816
535.979	408.531
536.396	436.976
536.812	449.633
537.229	466.932
537.646	488.575
538.063	457.971
538.480	407.222
538.896	377.672
539.313	418.406
539.730	447.459
540.147	436.039
540.564	460.778
540.980	508.029
541.397	519.681
541.814	471.643
542.231	402.812
542.647	395.565
543.064	396.256
543.481	430.961
543.898	462.237
544.315	447.874
544.731	430.101
545.148	370.971
545.565	341.981
545.982	355.126
546.398	369.594
546.815	366.874
547.232	334.285
547.649	313.836
548.066	343.493
548.482	392.367
548.899	415.618
549.316	420.816
549.733	418.019
550.149	500.536
550.566	568.396
550.983	533.768
551.400	433.541
551.817	365.618
552.233	343.420
552.650	356.609
553.067	395.406
553.484	454.604
553.900	440.464
554.317	334.763
554.734	280.502
555.151	263.763
555.568	245.048
555.984	234.415
556.401	240.174
556.818	266.295
557.235	305.411
557.651	383.773
558.068	520.362
558.485	575.812
558.902	480.725
559.319	355.807
559.735	320.010
560.152	308.812
560.569	311.357
560.986	360.130
561.403	416.865
561.819	398.024
562.236	329.435
562.653	332.826
563.070	363.213
563.486	320.261
563.903	286.116
564.320	284.913
564.737	300.328
565.154	287.367
565.570	233.889
565.987	199.556
566.404	192.961
566.821	209.874
567.237	259.870
567.654	304.150
568.071	304.213
568.488	256.357
568.905	228.638
569.321	239.778
569.738	243.193
570.155	213.720
570.572	203.246
570.988	207.203
571.405	204.420
571.822	213.053
572.239	209.150
572.656	194.536
573.072	177.130
573.489	169.681
573.906	172.435
574.323	193.135
574.739	208.971
575.156	193.353
575.573	153.425
575.990	120.382
576.407	108.676
576.823	101.961
577.240	95.213
577.657	92.034
578.074	83.116
578.490	75.812
578.907	70.565
579.324	69.126
579.741	67.990
580.158	65.077
580.574	66.087
580.991	65.019
581.408	63.357
581.825	60.865
582.242	60.300
582.658	58.473
583.075	56.894
583.492	55.725
583.909	55.792
584.325	53.367
584.742	53.319
585.159	52.019
585.576	50.043
585.993	47.729
586.409	46.841
586.826	46.043
587.243	44.556
587.660	43.971
588.076	42.266
588.493	40.792
588.910	41.039
589.327	39.507
589.744	37.483
590.160	37.391
590.577	36.353
590.994	34.715
591.411	33.367
591.827	31.937
592.244	30.686
592.661	29.614
593.078	29.087
593.495	28.130
593.911	27.101
594.328	25.440
594.745	24.053
595.162	22.758
595.578	21.087
595.995	20.174
596.412	19.609
596.829	18.681
597.246	17.478
597.662	16.242
598.079	15.000
598.496	13.058
598.913	12.454
599.329	11.705
599.746	10.585
600.163	9.614
600.580	8.314
600.997	7.029
601.413	5.618
601.830	4.720
602.247	3.720
602.664	2.367
603.081	1.227
603.497	0.184
