X	Y
0.000	5524.250
0.447	5618.670
0.893	5707.090
1.340	5862.580
1.786	5938.530
2.233	6078.250
2.679	6195.310
3.126	6259.340
3.572	6183.660
4.019	6160.320
4.465	6142.620
4.912	6104.980
5.359	6040.830
5.805	5840.810
6.252	5757.330
6.698	5761.220
7.145	5887.530
7.591	5910.380
8.038	6157.750
8.484	6252.960
8.931	6203.540
9.378	6081.630
9.824	6027.770
10.271	6062.940
10.717	5969.860
11.164	6117.380
11.610	6218.530
12.057	6195.730
12.503	6245.630
12.950	6171.760
13.396	6197.350
13.843	6117.610
14.290	6069.680
14.736	6133.560
15.183	6157.430
15.629	6256.290
16.076	6108.700
16.522	6041.620
16.969	6096.100
17.415	6140.200
17.862	6035.080
18.309	5971.600
18.755	6028.020
19.202	6205.990
19.648	6347.240
20.095	6396.590
20.541	6279.370
20.988	6040.230
21.434	5893.100
21.881	5618.870
22.327	5403.020
22.774	5377.790
23.221	5321.180
23.667	5202.940
24.114	5202.300
24.560	5170.540
25.007	5266.380
25.453	5286.380
25.900	5219.910
26.346	4949.080
26.793	4885.600
27.240	4830.110
27.686	4771.020
28.133	4586.290
28.579	4532.500
29.026	4397.740
29.472	4181.570
29.919	3995.770
30.365	3847.280
30.812	3859.290
31.258	3974.520
31.705	4015.300
32.152	3947.750
32.598	3666.940
33.045	3501.230
33.491	3455.180
33.938	3385.430
34.384	3266.420
34.831	3122.470
35.277	3094.110
35.724	3033.130
36.171	2973.260
36.617	3028.540
37.064	3220.010
37.510	3334.630
37.957	3174.970
38.403	3114.400
38.850	3040.790
39.296	2995.050
39.743	2972.930
40.189	2825.000
40.636	2711.520
41.083	2682.210
41.529	2707.700
41.976	2628.860
42.422	2598.560
42.869	2698.440
43.315	2913.770
43.762	3089.720
44.208	3031.970
44.655	3133.100
45.102	3296.850
45.548	3380.200
45.995	3448.980
46.441	3438.420
46.888	3393.980
47.334	3448.250
47.781	3429.010
48.227	3377.110
48.674	3479.900
49.120	3505.050
49.567	3580.540
50.014	3705.890
50.460	3832.780
50.907	3886.440
51.353	3936.970
51.800	3957.480
52.246	4009.100
52.693	4087.600
53.139	4003.930
53.586	3927.010
54.033	3771.420
54.479	3531.740
54.926	3341.570
55.372	3347.070
55.819	3472.740
56.265	3589.650
56.712	3583.580
57.158	3457.650
57.605	3355.780
58.051	3196.930
58.498	3069.800
58.945	2960.060
59.391	2841.370
59.838	2782.310
60.284	2758.330
60.731	2602.470
61.177	2494.100
61.624	2399.050
62.070	2274.720
62.517	2201.210
62.964	2212.910
63.410	2321.350
63.857	2316.270
64.303	2250.710
64.750	2148.550
65.196	2067.010
65.643	1993.780
66.089	1937.710
66.536	1913.210
66.982	1837.380
67.429	1805.760
67.876	1714.300
68.322	1707.480
68.769	1668.260
69.215	1618.650
69.662	1506.480
70.108	1430.850
70.555	1399.530
71.001	1403.690
71.448	1368.000
71.895	1355.170
72.341	1291.210
72.788	1229.020
73.234	1166.410
73.681	1130.430
74.127	1079.790
74.574	985.680
75.020	927.320
75.467	941.550
75.913	944.190
76.360	911.630
76.807	880.980
77.253	841.200
77.700	805.840
78.146	832.760
78.593	794.780
79.039	729.660
79.486	709.610
79.932	691.570
80.379	645.610
80.826	588.210
81.272	581.090
81.719	586.430
82.165	561.040
82.612	548.470
83.058	508.860
83.505	478.780
83.951	469.860
84.398	475.600
84.844	478.110
85.291	488.720
85.738	490.570
86.184	484.150
86.631	459.610
87.077	454.430
87.524	436.270
87.970	439.680
88.417	429.390
88.863	424.560
89.310	421.140
89.757	422.950
90.203	416.980
90.650	418.510
91.096	424.940
91.543	425.450
91.989	415.450
92.436	421.030
92.882	432.580
93.329	443.050
93.775	437.730
94.222	429.050
94.669	432.350
95.115	437.810
95.562	434.570
96.008	433.050
96.455	432.130
96.901	428.240
97.348	434.630
97.794	427.880
98.241	431.690
98.688	429.710
99.134	437.100
99.581	433.700
100.027	437.320
100.474	434.970
100.920	441.790
101.367	424.030
101.813	417.530
102.260	410.590
102.706	412.180
103.153	413.250
103.600	422.450
104.046	435.990
104.493	422.080
104.939	415.160
105.386	429.590
105.832	432.000
106.279	432.200
106.725	423.390
107.172	421.900
107.619	420.330
108.065	417.350
108.512	412.390
108.958	421.300
109.405	433.400
109.851	427.010
110.298	424.950
110.744	430.010
111.191	434.150
111.637	431.130
112.084	422.290
112.531	423.520
112.977	428.830
113.424	425.390
113.870	410.020
114.317	414.060
114.763	424.610
115.210	435.340
115.656	416.610
116.103	420.660
116.550	435.290
116.996	430.850
117.443	429.920
117.889	419.790
118.336	427.470
118.782	434.670
119.229	420.930
119.675	415.830
120.122	423.150
120.568	413.840
121.015	415.590
121.462	405.060
121.908	398.040
122.355	404.230
122.801	414.490
123.248	416.070
123.694	408.060
124.141	419.150
124.587	424.730
125.034	434.640
125.481	450.530
125.927	444.920
126.374	441.630
126.820	426.860
127.267	419.210
127.713	414.830
128.160	418.620
128.606	415.360
129.053	418.150
129.499	420.530
129.946	413.750
130.393	414.470
130.839	424.170
131.286	425.880
131.732	429.210
132.179	437.610
132.625	417.280
133.072	425.080
133.518	432.970
133.965	428.640
134.412	429.400
134.858	428.090
135.305	436.960
135.751	431.120
136.198	424.330
136.644	427.200
137.091	437.560
137.537	441.090
137.984	442.980
138.430	435.850
138.877	432.450
139.324	431.090
139.770	441.890
140.217	435.030
140.663	446.290
141.110	454.210
141.556	446.540
142.003	425.900
142.449	422.590
142.896	432.820
143.343	428.070
143.789	421.470
144.236	420.510
144.682	423.490
145.129	430.510
145.575	422.240
146.022	423.810
146.468	423.580
146.915	421.860
147.361	423.480
147.808	428.890
148.255	433.510
148.701	432.360
149.148	438.300
149.594	442.300
150.041	444.270
150.487	429.520
150.934	433.260
151.380	445.610
151.827	432.620
152.274	423.290
152.720	415.400
