pos	btd	eve	slp
0.000	518.390	1717.140	2610.200
0.447	572.180	1724.340	2613.270
0.893	552.560	1738.740	2831.180
1.340	543.870	1726.490	2935.330
1.786	561.580	1712.330	2914.960
2.233	628.970	1700.870	2733.090
2.679	709.180	1692.930	2740.690
3.126	780.280	1693.940	2816.910
3.572	723.420	1701.840	2808.640
4.019	625.120	1700.430	2754.300
4.465	592.970	1711.620	2717.020
4.912	629.270	1731.330	2879.680
5.359	670.980	1736.570	3104.660
5.805	730.560	1744.640	3268.130
6.252	832.600	1734.590	3323.000
6.698	891.680	1743.440	3407.070
7.145	882.460	1729.670	3315.570
7.591	852.150	1707.570	3240.330
8.038	867.090	1703.940	3170.800
8.484	904.970	1697.480	3254.400
8.931	885.520	1704.730	3215.710
9.378	895.500	1703.590	3142.840
9.824	939.780	1700.260	3109.230
10.271	1095.170	1698.160	3154.500
10.717	1148.660	1694.380	3291.580
11.164	1160.210	1696.810	3431.620
11.610	1210.600	1713.520	3439.580
12.057	1279.410	1731.780	3454.510
12.503	1491.480	1723.830	3453.580
12.950	1556.270	1726.210	3464.140
13.396	1643.310	1717.950	3490.880
13.843	1846.670	1709.540	3543.760
14.290	1992.940	1713.360	3480.540
14.736	2065.900	1717.700	3294.980
15.183	2108.640	1741.800	3228.540
15.629	2247.690	1728.460	3196.870
16.076	2474.040	1720.250	3123.580
16.522	2425.180	1710.800	3021.330
16.969	2318.310	1713.040	3128.400
17.415	2558.010	1737.830	3133.620
17.862	2853.050	1739.030	3165.770
18.309	2952.400	1713.090	3342.240
18.755	3022.170	1706.510	3372.290
19.202	3259.980	1706.580	3275.640
19.648	3462.120	1714.650	3239.360
20.095	3552.090	1722.260	3315.620
20.541	3770.300	1720.710	3325.810
20.988	3893.810	1724.950	3153.530
21.434	4036.540	1744.690	2988.180
21.881	4198.610	1749.450	3002.630
22.327	4377.130	1756.110	2964.270
22.774	4891.580	1771.370	3014.360
23.221	5214.900	1748.410	2922.010
23.667	5343.500	1749.840	2856.340
24.114	5520.830	1747.000	2854.770
24.560	5566.730	1731.650	2924.690
25.007	5624.940	1729.880	2967.090
25.453	5925.450	1733.570	2989.510
25.900	6416.300	1757.010	3081.010
26.346	6858.690	1768.350	3108.380
26.793	7211.680	1774.020	3208.760
27.240	7351.930	1762.640	3212.940
27.686	7542.980	1774.900	2928.730
28.133	7585.020	1786.300	2848.810
28.579	7233.670	1802.690	2859.680
29.026	7424.160	1799.350	2730.020
29.472	7895.330	1806.300	2706.920
29.919	8168.190	1819.180	2747.990
30.365	8165.980	1846.450	2698.910
30.812	8573.840	1894.500	2687.900
31.258	9162.990	1928.260	2772.400
31.705	9361.590	1931.120	2883.570
32.152	9373.790	1928.410	2839.720
32.598	9589.650	1945.980	2885.430
33.045	9771.370	1991.190	2932.380
33.491	9698.120	2041.440	3072.490
33.938	10153.310	2056.540	3126.370
34.384	9972.430	2069.560	3022.610
34.831	9697.300	2106.940	3023.270
35.277	9432.670	2188.220	2815.870
35.724	9225.420	2329.810	2653.220
36.171	9158.920	2542.720	2634.030
36.617	9807.470	2718.600	2670.750
37.064	10618.880	2825.410	2723.280
37.510	10941.280	2917.970	2785.160
37.957	10523.250	2984.680	2799.360
38.403	9982.340	3184.850	2779.190
38.850	10311.080	3337.830	2730.830
39.296	10680.350	3529.060	2672.870
39.743	10969.040	3783.030	2636.330
40.189	11060.670	3840.940	2640.780
40.636	11314.960	4001.540	2626.550
41.083	11639.850	4116.490	2567.370
41.529	11909.860	4315.890	2555.650
41.976	11838.170	4489.350	2738.880
42.422	11858.180	4758.450	2719.910
42.869	11815.500	5096.610	2652.070
43.315	11829.370	5468.470	2673.830
43.762	11461.140	5763.330	2686.580
44.208	10871.830	6050.760	2606.510
44.655	10957.630	6192.590	2438.060
45.102	11271.740	6260.150	2300.230
45.548	11246.890	6434.420	2342.340
45.995	10930.740	6737.970	2343.740
46.441	10736.320	7120.040	2291.260
46.888	10788.860	7292.560	2235.560
47.334	10422.640	7455.740	2211.800
47.781	10178.910	7191.070	2227.790
48.227	9908.030	7085.230	2210.770
48.674	9925.140	7133.880	2109.410
49.120	10128.060	7430.870	2064.150
49.567	10117.340	7822.330	2038.280
50.014	9668.270	8368.950	1962.590
50.460	9148.830	8593.820	1976.570
50.907	8738.740	8821.310	1989.820
51.353	8554.790	9055.750	1892.290
51.800	8704.710	9409.980	1810.880
52.246	8734.210	9605.660	1762.510
52.693	8504.730	9831.670	1765.260
53.139	8165.700	9958.900	1743.010
53.586	7984.820	10238.960	1792.620
54.033	7659.020	10115.590	1779.300
54.479	7335.530	9990.890	1650.670
54.926	6911.790	9939.950	1586.650
55.372	6505.800	10068.570	1536.340
55.819	6379.500	10207.380	1575.110
56.265	6417.930	10237.580	1518.640
56.712	5900.810	9918.960	1438.790
57.158	5711.380	9777.230	1353.530
57.605	5636.540	9900.180	1308.110
58.051	5464.320	9964.770	1220.790
58.498	5366.820	9857.380	1160.410
58.945	5323.660	9722.650	1117.880
59.391	5203.680	9549.960	1107.410
59.838	4949.670	9611.120	1054.610
60.284	4446.180	9794.100	1062.970
60.731	3908.800	9910.290	1058.670
61.177	3607.410	9826.590	1038.510
61.624	3449.530	9570.950	1002.270
62.070	3356.840	9400.130	991.030
62.517	3330.990	9101.250	1006.640
62.964	3303.120	8918.890	945.210
63.410	3129.160	8998.480	877.020
63.857	3018.100	8833.380	841.970
64.303	3069.450	8869.480	851.210
64.750	2992.280	8692.630	868.260
65.196	2690.770	8570.910	851.710
65.643	2590.880	8367.090	811.040
66.089	2273.380	8257.720	775.150
66.536	2049.990	7997.690	763.110
66.982	2138.810	7865.770	808.670
67.429	2095.570	7780.950	768.010
67.876	2064.160	7414.130	749.530
68.322	1953.030	7113.610	736.560
68.769	1912.400	6981.850	666.010
69.215	1754.630	6895.130	642.960
69.662	1655.350	6790.120	633.850
70.108	1536.080	6768.280	679.840
70.555	1497.730	6509.700	655.630
71.001	1455.290	6365.820	633.970
71.448	1391.310	6060.780	597.420
71.895	1294.470	5783.000	610.760
72.341	1165.210	5588.610	625.270
72.788	1162.790	5263.830	657.200
73.234	1233.680	5136.650	635.220
73.681	1189.220	4802.240	602.590
74.127	1012.450	4559.240	600.380
74.574	912.190	4343.200	592.610
75.020	802.570	4129.530	593.080
75.467	834.070	4035.740	588.490
75.913	940.910	3992.430	594.700
76.360	893.260	3893.980	600.080
76.807	800.360	3867.470	578.750
77.253	709.030	3746.500	567.700
77.700	635.650	3630.950	561.000
78.146	590.010	3423.780	562.400
78.593	582.010	3314.070	563.480
79.039	629.780	3334.570	570.060
79.486	625.350	3277.510	580.800
79.932	620.360	3130.860	581.380
80.379	600.450	3039.410	573.520
80.826	591.500	3092.260	560.810
81.272	560.450	3073.660	564.610
81.719	549.630	3067.040	559.300
82.165	529.840	2956.190	567.630
82.612	528.280	2883.330	563.460
83.058	552.510	2860.570	554.120
83.505	593.620	2834.110	553.150
83.951	648.920	2841.600	557.930
84.398	663.200	2856.930	564.080
84.844	652.030	2830.750	554.830
85.291	619.080	2809.990	558.590
85.738	547.240	2747.930	582.020
86.184	524.070	2670.770	573.720
86.631	525.660	2653.710	572.070
87.077	529.600	2672.620	577.900
87.524	531.490	2618.980	572.100
87.970	580.250	2550.420	565.460
88.417	636.490	2534.910	546.340
88.863	648.180	2646.500	564.960
89.310	549.990	2736.350	547.210
89.757	492.500	2709.180	557.670
90.203	477.850	2740.160	558.480
90.650	497.060	2740.580	564.080
91.096	509.310	2858.860	556.290
91.543	503.430	2928.240	560.780
91.989	493.300	3104.540	568.230
92.436	493.420	3212.280	564.010
92.882	512.120	3300.530	552.990
93.329	538.490	3354.840	548.090
93.775	515.390	3448.760	560.940
94.222	492.390	3515.860	556.680
94.669	485.050	3598.990	549.070
95.115	480.740	3498.720	552.080
95.562	486.900	3415.370	558.250
96.008	491.920	3411.130	551.370
96.455	496.490	3407.090	556.190
96.901	487.600	3480.150	562.730
97.348	478.280	3525.560	566.090
97.794	474.520	3671.880	566.390
98.241	468.150	3932.910	565.080
98.688	470.540	4006.660	563.420
99.134	478.690	4146.020	550.960
99.581	473.810	4392.790	563.400
100.027	477.160	4620.570	567.710
100.474	484.020	4802.360	558.210
100.920	473.860	4924.580	565.510
101.367	473.830	5091.190	567.360
101.813	466.930	5243.780	557.970
102.260	466.680	5190.410	549.650
102.706	473.580	5309.490	554.820
103.153	483.440	5614.580	568.330
103.600	480.960	5862.610	568.080
104.046	483.870	6038.160	566.670
104.493	496.320	6264.620	565.750
104.939	501.650	6316.480	560.580
105.386	511.720	6333.560	565.740
105.832	514.950	6626.030	569.700
106.279	518.750	6917.690	572.080
106.725	517.620	7299.520	569.450
107.172	524.660	7423.610	554.840
107.619	508.950	7411.660	553.490
108.065	501.670	7242.610	569.680
108.512	496.530	7302.350	569.520
108.958	482.890	7129.380	574.200
109.405	482.220	6691.310	571.860
109.851	486.360	6567.260	562.910
110.298	477.590	6686.350	570.560
110.744	475.560	6904.720	562.000
111.191	484.840	6969.850	568.550
111.637	486.710	7048.750	569.090
112.084	491.040	7303.630	561.410
112.531	504.400	7481.270	568.620
112.977	496.890	7453.750	557.570
113.424	498.970	7258.320	564.890
113.870	514.430	7114.030	564.130
114.317	519.090	7015.560	564.290
114.763	505.790	7029.500	558.450
115.210	493.060	6906.860	570.440
115.656	490.200	6731.810	561.470
116.103	488.240	6611.280	562.070
116.550	495.280	6530.590	558.940
116.996	552.380	6516.870	560.150
117.443	577.040	6428.540	571.210
117.889	531.760	6343.210	568.760
118.336	513.880	6423.400	567.380
118.782	494.380	6498.420	555.160
119.229	474.360	6513.020	537.790
119.675	473.140	6357.470	533.110
120.122	500.400	6157.670	555.390
120.568	543.810	5834.870	552.200
121.015	518.310	5633.630	542.480
121.462	492.400	5563.920	557.960
121.908	485.570	5358.320	561.160
122.355	497.960	5268.450	557.650
122.801	518.960	5115.020	555.290
123.248	503.560	4964.690	554.410
123.694	486.480	4652.470	565.330
124.141	488.360	4399.160	563.710
124.587	492.050	4269.870	556.330
125.034	480.350	4210.430	555.170
125.481	478.490	4306.480	557.310
125.927	515.180	4130.130	559.350
126.374	547.000	3869.060	548.980
126.820	541.580	3710.330	555.860
127.267	540.320	3662.040	559.890
127.713	550.760	3400.620	555.230
128.160	555.180	3154.780	553.370
128.606	545.280	3055.360	557.280
129.053	540.880	3067.110	559.810
129.499	539.860	3026.620	559.860
129.946	519.910	2958.100	562.850
130.393	501.890	2952.370	565.680
130.839	491.540	2877.610	572.240
131.286	513.690	2684.760	553.080
131.732	521.420	2581.060	545.600
132.179	497.690	2578.560	563.230
132.625	478.020	2539.460	558.390
133.072	481.960	2442.880	554.520
133.518	481.410	2385.570	547.440
133.965	460.780	2357.610	563.770
134.412	439.960	2343.490	551.230
134.858	438.240	2361.410	547.110
135.305	469.420	2363.690	553.860
135.751	504.810	2308.300	556.820
136.198	542.880	2295.860	552.610
136.644	493.190	2289.330	553.110
137.091	452.750	2376.190	558.090
137.537	441.080	2396.910	555.820
137.984	440.440	2338.100	570.660
138.430	450.680	2266.600	544.770
138.877	440.780	2235.790	546.300
139.324	431.270	2297.810	543.380
139.770	453.920	2373.450	555.610
140.217	441.290	2445.630	553.220
140.663	453.030	2477.510	577.600
141.110	457.920	2432.100	565.220
141.556	468.850	2368.510	566.770
142.003	467.890	2435.550	572.100
142.449	443.550	2523.810	558.690
