X	Y
0.000	1544.367
0.417	1617.826
0.834	1666.550
1.250	1682.000
1.667	1719.890
2.084	1714.303
2.501	1712.193
2.917	1726.642
3.334	1768.092
3.751	1883.073
4.168	2032.486
4.585	2203.697
5.001	2331.661
5.418	2338.174
5.835	2370.642
6.252	2395.000
6.668	2398.083
7.085	2354.789
7.502	2394.844
7.919	2414.945
8.336	2415.541
8.752	2436.239
9.169	2463.954
9.586	2498.385
10.003	2456.229
10.419	2381.468
10.836	2374.523
11.253	2445.761
11.670	2606.495
12.087	2725.156
12.503	2784.688
12.920	2799.376
13.337	2677.523
13.754	2571.807
14.171	2496.165
14.587	2477.165
15.004	2505.761
15.421	2525.018
15.838	2539.569
16.254	2514.339
16.671	2598.651
17.088	2693.101
17.505	2747.009
17.922	2681.551
18.338	2699.184
18.755	2790.257
19.172	2870.018
19.589	2855.761
20.005	2801.220
20.422	2818.073
20.839	2848.477
21.256	2925.661
21.673	2971.771
22.089	2968.752
22.506	2994.596
22.923	3005.018
23.340	3026.587
23.756	3083.899
24.173	3192.395
24.590	3304.000
25.007	3398.651
25.424	3420.505
25.840	3546.477
26.257	3633.064
26.674	3599.651
27.091	3553.642
27.507	3473.651
27.924	3420.156
28.341	3455.541
28.758	3627.284
29.175	3841.128
29.591	3936.330
30.008	3929.862
30.425	3874.330
30.842	3894.532
31.258	3908.862
31.675	3977.853
32.092	4020.541
32.509	4091.927
32.926	4178.275
33.342	4143.973
33.759	4072.349
34.176	4111.881
34.593	4085.266
35.010	4021.578
35.426	4042.743
35.843	4115.000
36.260	4223.138
36.677	4237.367
37.093	4253.496
37.510	4192.670
37.927	4090.688
38.344	4041.174
38.761	3978.128
39.177	3885.972
39.594	3735.716
40.011	3620.945
40.428	3583.083
40.844	3587.881
41.261	3518.844
41.678	3405.514
42.095	3379.945
42.512	3391.477
42.928	3332.908
43.345	3215.972
43.762	3046.972
44.179	2832.147
44.595	2718.954
45.012	2614.312
45.429	2550.037
45.846	2475.449
46.263	2352.275
46.679	2257.037
47.096	2132.293
47.513	2018.651
47.930	1900.587
48.346	1855.523
48.763	1753.303
49.180	1659.312
49.597	1533.312
50.014	1391.716
50.430	1307.101
50.847	1263.963
51.264	1211.624
51.681	1162.413
52.097	1164.789
52.514	1145.009
52.931	1102.339
53.348	1031.982
53.765	992.055
54.181	964.486
54.598	965.780
55.015	1031.083
55.432	1059.844
55.849	1096.138
56.265	1147.220
56.682	1259.404
57.099	1449.881
57.516	1660.138
57.932	1906.945
58.349	2174.358
58.766	2398.046
59.183	2536.872
59.600	2632.826
60.016	2669.422
60.433	2759.413
60.850	2872.615
61.267	2947.193
61.683	2980.716
62.100	3168.743
62.517	3394.284
62.934	3648.560
63.351	3780.202
63.767	3956.587
64.184	4145.835
64.601	4208.128
65.018	4138.138
65.434	3959.211
65.851	3728.009
66.268	3635.202
66.685	3732.055
67.102	3898.339
67.518	4036.936
67.935	4021.101
68.352	4004.642
68.769	3959.899
69.185	3614.587
69.602	3195.991
70.019	2756.339
70.436	2379.064
70.853	2085.899
71.269	1818.211
71.686	1536.064
72.103	1292.064
72.520	1068.349
72.936	937.936
73.353	895.587
73.770	878.697
74.187	895.624
74.604	956.183
75.020	1041.358
75.437	1188.138
75.854	1396.055
76.271	1577.027
76.688	1617.917
77.104	1678.761
77.521	1791.872
77.938	1928.193
78.355	1980.853
78.771	1991.128
79.188	2005.761
79.605	1984.817
80.022	1999.321
80.439	1972.798
80.855	2006.138
81.272	1983.734
81.689	1828.569
82.106	1720.789
82.522	1639.725
82.939	1579.596
83.356	1468.165
83.773	1333.596
84.190	1246.312
84.606	1182.303
85.023	1052.963
85.440	906.872
85.857	749.550
86.273	682.606
86.690	642.899
87.107	584.633
87.524	547.248
87.941	517.780
88.357	513.927
88.774	513.092
89.191	483.688
89.608	452.651
90.024	424.936
90.441	390.284
90.858	374.761
91.275	384.128
91.692	407.284
92.108	439.596
92.525	510.339
92.942	658.890
93.359	883.917
93.775	1154.752
94.192	1484.468
94.609	1770.450
95.026	2002.468
95.443	2227.431
95.859	2369.761
96.276	2549.890
96.693	2754.587
97.110	2913.908
97.526	3104.422
97.943	3203.954
98.360	3414.633
98.777	3746.642
99.194	4244.156
99.610	4782.468
100.027	5322.027
100.444	5667.963
100.861	5796.927
101.278	5790.954
101.694	5791.404
102.111	5881.330
102.528	5986.174
102.945	6016.193
103.361	6102.816
103.778	6256.000
104.195	6319.248
104.612	6175.211
105.029	6249.771
105.445	6270.303
105.862	6194.321
106.279	6113.165
106.696	6016.743
107.112	5718.789
107.529	5436.468
107.946	5273.266
108.363	5102.504
108.780	4840.046
109.196	4456.358
109.613	4015.266
110.030	3693.101
110.447	3433.908
110.863	3149.248
111.280	2690.156
111.697	2226.147
112.114	1883.119
112.531	1650.596
112.947	1483.936
113.364	1310.009
113.781	1117.156
114.198	905.239
114.614	727.890
115.031	574.147
115.448	477.771
115.865	431.780
116.282	411.495
116.698	399.431
117.115	384.752
117.532	383.578
117.949	389.385
118.365	391.807
118.782	387.211
119.199	377.982
119.616	380.284
120.033	392.697
120.449	418.028
120.866	458.679
121.283	526.183
121.700	605.780
122.117	655.532
122.533	704.486
122.950	753.908
123.367	808.450
123.784	877.982
124.200	958.156
124.617	1058.413
125.034	1171.119
125.451	1262.917
125.868	1337.578
126.284	1459.826
126.701	1574.239
127.118	1655.193
127.535	1785.303
127.951	1879.798
128.368	1861.064
128.785	1786.330
129.202	1714.908
129.619	1614.881
130.035	1586.550
130.452	1623.982
130.869	1612.505
131.286	1453.560
131.702	1259.459
132.119	1007.752
132.536	839.991
132.953	757.101
133.370	689.945
133.786	634.725
134.203	579.633
134.620	549.450
135.037	523.477
135.453	468.128
135.870	445.156
136.287	417.459
136.704	389.165
137.121	381.202
137.537	374.890
137.954	384.587
138.371	406.220
138.788	407.119
139.204	413.505
139.621	427.505
140.038	429.532
140.455	456.486
140.872	531.165
141.288	708.266
141.705	982.789
142.122	1334.009
142.539	1700.468
142.956	1988.312
143.372	2121.752
143.789	2232.312
144.206	2420.330
144.623	2763.734
145.039	3075.816
145.456	3376.881
145.873	3786.899
146.290	4055.303
146.707	4346.605
147.123	4796.908
147.540	5166.376
147.957	5267.349
148.374	5345.862
148.790	5342.670
149.207	5313.670
149.624	5339.981
150.041	5308.174
150.458	5370.707
