X	Y
0.000	0.159
0.417	1.309
0.834	3.473
1.250	3.884
1.667	5.681
2.084	7.710
2.501	7.879
2.917	9.097
3.334	9.541
3.751	12.217
4.168	12.256
4.585	13.459
5.001	15.725
5.418	16.483
5.835	18.787
6.252	19.063
6.668	20.329
7.085	22.179
7.502	23.145
7.919	23.275
8.336	26.623
8.752	26.159
9.169	26.324
9.586	28.831
10.003	30.947
10.419	29.652
10.836	31.570
11.253	34.454
11.670	37.932
12.087	37.855
12.503	39.203
12.920	38.116
13.337	40.638
13.754	41.841
14.171	42.768
14.587	45.768
15.004	48.580
15.421	47.729
15.838	48.372
16.254	51.899
16.671	55.850
17.088	54.522
17.505	55.507
17.922	57.522
18.338	58.749
18.755	60.010
19.172	61.662
19.589	62.783
20.005	65.599
20.422	63.242
20.839	65.372
21.256	68.623
21.673	68.000
22.089	72.217
22.506	73.266
22.923	75.077
23.340	75.150
23.756	79.140
24.173	80.623
24.590	81.469
25.007	89.517
25.424	93.976
25.840	99.333
26.257	101.415
26.674	110.430
27.091	114.464
27.507	125.010
27.924	133.063
28.341	138.696
28.758	142.696
29.175	151.768
29.591	145.357
30.008	154.647
30.425	163.314
30.842	164.990
31.258	173.024
31.675	185.691
32.092	195.686
32.509	201.787
32.926	208.850
33.342	205.256
33.759	210.444
34.176	209.029
34.593	213.652
35.010	215.812
35.426	219.657
35.843	220.691
36.260	222.551
36.677	230.647
37.093	246.729
37.510	260.372
37.927	270.850
38.344	272.063
38.761	271.222
39.177	270.517
39.594	279.623
40.011	284.725
40.428	287.807
40.844	282.271
41.261	289.203
41.678	302.213
42.095	313.734
42.512	320.932
42.928	315.729
43.345	311.976
43.762	324.952
44.179	327.382
44.595	330.686
45.012	333.720
45.429	346.614
45.846	337.328
46.263	337.589
46.679	340.493
47.096	357.164
47.513	362.396
47.930	357.908
48.346	364.087
48.763	377.319
49.180	380.536
49.597	399.203
50.014	389.821
50.430	398.145
50.847	407.512
51.264	407.937
51.681	403.043
52.097	422.812
52.514	432.546
52.931	440.478
53.348	434.812
53.765	422.961
54.181	422.845
54.598	419.377
55.015	437.072
55.432	449.300
55.849	443.304
56.265	437.768
56.682	430.585
57.099	432.932
57.516	461.551
57.932	491.449
58.349	497.971
58.766	496.464
59.183	495.725
59.600	485.512
60.016	479.401
60.433	470.106
60.850	466.826
61.267	481.005
61.683	491.285
62.100	492.164
62.517	515.681
62.934	507.575
63.351	513.430
63.767	537.966
64.184	555.271
64.601	555.623
65.018	555.101
65.434	546.865
65.851	561.343
66.268	570.406
66.685	576.691
67.102	585.145
67.518	593.493
67.935	586.362
68.352	592.377
68.769	589.401
69.185	608.005
69.602	610.783
70.019	609.986
70.436	601.285
70.853	618.908
71.269	659.517
71.686	681.391
72.103	685.952
72.520	689.763
72.936	714.792
73.353	725.845
73.770	739.957
74.187	741.116
74.604	752.527
75.020	767.865
75.437	788.425
75.854	804.068
76.271	820.029
76.688	782.444
77.104	775.386
77.521	755.164
77.938	788.836
78.355	828.391
78.771	820.957
79.188	822.353
79.605	834.947
80.022	884.531
80.439	925.101
80.855	915.014
81.272	915.145
81.689	961.053
82.106	953.517
82.522	937.541
82.939	974.198
83.356	993.517
83.773	977.903
84.190	952.150
84.606	940.531
85.023	948.705
85.440	956.749
85.857	970.164
86.273	975.338
86.690	970.406
87.107	979.179
87.524	999.502
87.941	1026.531
88.357	1064.667
88.774	1057.976
89.191	1076.459
89.608	1127.609
90.024	1172.647
90.441	1159.642
90.858	1145.169
91.275	1157.531
91.692	1180.314
92.108	1178.391
92.525	1135.372
92.942	1176.758
93.359	1242.710
93.775	1288.845
94.192	1276.758
94.609	1243.440
95.026	1271.889
95.443	1314.145
95.859	1291.874
96.276	1246.966
96.693	1244.773
97.110	1272.884
97.526	1248.773
97.943	1225.865
98.360	1266.068
98.777	1337.696
99.194	1351.821
99.610	1360.710
100.027	1379.280
100.444	1385.261
100.861	1411.556
101.278	1357.275
101.694	1399.836
102.111	1394.358
102.528	1358.889
102.945	1344.073
103.361	1322.377
103.778	1364.208
104.195	1369.406
104.612	1437.092
105.029	1483.990
105.445	1479.836
105.862	1484.111
106.279	1546.947
106.696	1621.976
107.112	1662.116
107.529	1632.382
107.946	1568.174
108.363	1601.271
108.780	1616.164
109.196	1641.696
109.613	1670.609
110.030	1699.623
110.447	1712.478
110.863	1730.271
111.280	1751.367
111.697	1705.367
112.114	1669.184
112.531	1679.696
112.947	1712.174
113.364	1747.222
113.781	1775.971
114.198	1724.812
114.614	1671.324
115.031	1675.256
115.448	1710.672
115.865	1734.328
116.282	1777.068
116.698	1879.159
117.115	1959.478
117.532	1935.947
117.949	1897.348
118.365	1890.130
118.782	1851.870
119.199	1793.783
119.616	1886.681
120.033	1895.681
120.449	1898.092
120.866	1908.908
121.283	1869.087
121.700	1853.729
122.117	1879.217
122.533	1891.696
122.950	1952.565
123.367	2026.401
123.784	2004.217
124.200	1938.135
124.617	1935.135
125.034	2035.792
125.451	2142.150
125.868	2165.584
126.284	2111.957
126.701	1999.647
127.118	2024.208
127.535	2010.121
127.951	2046.768
128.368	2090.759
128.785	2025.676
129.202	2005.092
129.619	1970.855
130.035	1973.063
130.452	1973.725
130.869	2018.884
131.286	2098.807
131.702	2116.667
132.119	2100.241
132.536	2082.918
132.953	2052.454
133.370	2064.676
133.786	2031.894
134.203	2041.473
134.620	2078.739
135.037	2027.377
135.453	2065.275
135.870	2145.285
136.287	2140.927
136.704	2147.271
137.121	2158.435
137.537	2218.551
137.954	2222.145
138.371	2190.739
138.788	2160.865
139.204	2122.227
139.621	2024.575
140.038	2081.271
140.455	2167.271
140.872	2231.464
141.288	2140.570
141.705	2139.077
142.122	2107.111
142.539	2125.372
142.956	2084.034
143.372	2148.483
143.789	2139.256
144.206	2103.213
144.623	2147.039
145.039	2145.488
145.456	2084.454
145.873	2039.227
146.290	2077.759
146.707	2104.705
147.123	2140.676
147.540	2112.541
147.957	2108.019
148.374	2146.411
148.790	2195.430
149.207	2151.652
149.624	2161.063
150.041	2135.676
150.458	2099.947
150.874	2050.469
151.291	2053.507
151.708	2024.797
152.125	2039.705
152.541	2056.372
152.958	2108.556
153.375	2043.459
153.792	2010.609
154.209	2059.102
154.625	2113.063
155.042	2127.662
155.459	2146.391
155.876	2111.792
156.292	2155.116
156.709	2097.937
157.126	1990.942
157.543	1958.406
157.960	1992.498
158.376	2019.425
158.793	2024.589
159.210	2122.097
159.627	2208.198
160.043	2169.203
160.460	2064.700
160.877	2003.990
161.294	2039.087
161.711	2044.174
162.127	1981.657
162.544	1999.531
162.961	1954.251
163.378	2026.406
163.794	2054.092
164.211	2072.271
164.628	2014.985
165.045	1975.140
165.462	1904.459
165.878	1896.193
166.295	1843.068
166.712	1827.942
167.129	1835.889
167.546	1819.039
167.962	1837.826
168.379	1924.768
168.796	1954.990
169.213	1908.121
169.629	1917.155
170.046	1847.198
170.463	1818.860
170.880	1811.778
171.297	1762.290
171.713	1781.193
172.130	1777.401
172.547	1761.899
172.964	1690.860
173.380	1645.473
173.797	1647.000
174.214	1704.773
174.631	1741.551
175.048	1718.164
175.464	1771.300
175.881	1728.145
176.298	1703.126
176.715	1655.396
177.131	1574.444
177.548	1607.783
177.965	1647.990
178.382	1607.952
178.799	1516.444
179.215	1466.159
179.632	1497.015
180.049	1577.981
180.466	1575.367
180.882	1533.261
181.299	1513.812
181.716	1542.367
182.133	1600.927
182.550	1603.908
182.966	1617.005
183.383	1620.246
183.800	1624.686
184.217	1514.150
184.633	1444.614
185.050	1496.961
185.467	1534.507
185.884	1530.314
186.301	1505.377
186.717	1451.464
187.134	1445.130
187.551	1460.271
187.968	1418.473
188.385	1420.531
188.801	1444.710
189.218	1370.087
189.635	1344.942
190.052	1347.034
190.468	1362.865
190.885	1343.092
191.302	1231.488
191.719	1194.077
192.136	1284.720
192.552	1317.126
192.969	1298.821
193.386	1250.184
193.803	1158.498
194.219	1157.188
194.636	1150.126
195.053	1135.918
195.470	1151.300
195.887	1166.483
196.303	1080.135
196.720	1039.106
197.137	989.662
197.554	977.299
197.970	965.430
198.387	958.130
198.804	933.159
199.221	865.701
199.638	919.923
200.054	922.807
200.471	865.546
200.888	868.121
201.305	856.097
201.721	862.116
202.138	863.082
202.555	856.580
202.972	824.855
203.389	801.990
203.805	775.536
204.222	748.710
204.639	716.014
205.056	687.256
205.472	688.599
205.889	696.894
206.306	696.420
206.723	687.841
207.140	686.459
207.556	709.797
207.973	677.396
208.390	631.198
208.807	634.242
209.224	667.024
209.640	645.865
210.057	646.053
210.474	598.570
210.891	595.778
211.307	600.483
211.724	617.551
212.141	613.932
212.558	596.618
212.975	600.444
213.391	603.285
213.808	583.179
214.225	598.159
214.642	616.889
215.058	641.662
215.475	615.217
215.892	574.937
216.309	538.072
216.726	525.966
217.142	548.295
217.559	574.246
217.976	565.053
218.393	568.739
218.809	575.285
219.226	596.889
219.643	597.367
220.060	575.995
220.477	556.242
220.893	542.082
221.310	527.541
221.727	544.643
222.144	535.536
222.560	524.686
222.977	520.681
223.394	516.222
223.811	506.391
224.228	511.961
224.644	523.242
225.061	530.585
225.478	529.638
225.895	528.831
226.311	512.522
226.728	507.174
227.145	515.961
227.562	533.701
227.979	537.285
228.395	532.879
228.812	530.734
229.229	515.575
229.646	495.527
230.062	502.454
230.479	513.401
230.896	518.536
231.313	502.816
231.730	496.353
232.146	506.242
232.563	501.121
232.980	503.961
233.397	504.923
233.814	504.541
234.230	506.377
234.647	499.058
235.064	495.101
235.481	491.787
235.897	485.444
236.314	485.986
236.731	486.870
237.148	498.082
237.565	496.976
237.981	486.802
238.398	493.734
238.815	501.865
239.232	496.203
239.648	493.575
240.065	487.623
240.482	485.362
240.899	483.304
241.316	482.531
241.732	484.333
242.149	489.812
242.566	493.662
242.983	483.048
243.399	486.536
243.816	487.763
244.233	492.425
244.650	488.816
245.067	486.609
245.483	489.758
245.900	489.498
246.317	486.010
246.734	487.082
247.150	493.019
247.567	485.802
247.984	490.502
248.401	514.763
248.818	507.536
249.234	514.754
249.651	492.391
250.068	485.768
250.485	470.150
250.901	474.812
251.318	473.348
251.735	479.560
252.152	478.981
252.569	475.333
252.985	482.845
253.402	479.353
253.819	485.184
254.236	497.517
254.653	497.478
255.069	503.923
255.486	503.164
255.903	502.739
256.320	510.696
256.736	518.923
257.153	502.193
257.570	485.899
257.987	486.348
258.404	492.758
258.820	480.232
259.237	485.894
259.654	476.478
260.071	490.502
260.487	477.300
260.904	477.077
261.321	471.860
261.738	470.734
262.155	481.894
262.571	488.657
262.988	480.947
263.405	469.087
263.822	469.493
264.238	473.705
264.655	493.541
265.072	481.473
265.489	478.159
265.906	486.879
266.322	491.140
266.739	476.531
267.156	479.850
267.573	477.918
267.989	479.580
268.406	472.720
268.823	482.319
269.240	481.729
269.657	471.014
270.073	483.812
270.490	470.662
270.907	471.256
271.324	482.947
271.740	470.164
272.157	481.396
272.574	479.836
272.991	474.014
273.408	465.918
273.824	479.464
274.241	480.787
274.658	476.430
275.075	468.594
275.492	474.106
275.908	485.686
276.325	486.821
276.742	472.662
277.159	477.043
277.575	487.551
277.992	472.488
278.409	476.754
278.826	485.063
279.243	487.589
279.659	483.019
280.076	473.961
280.493	487.285
280.910	478.874
281.326	486.681
281.743	495.367
282.160	478.585
282.577	482.995
282.994	483.884
283.410	487.367
283.827	488.758
284.244	479.527
284.661	489.536
285.077	475.850
285.494	471.155
285.911	470.594
286.328	483.193
286.745	489.734
287.161	481.193
287.578	486.725
287.995	500.483
288.412	468.454
288.828	479.420
289.245	481.599
289.662	483.512
290.079	485.700
290.496	476.681
290.912	479.976
291.329	479.063
291.746	482.672
292.163	491.126
292.579	483.174
292.996	479.478
293.413	482.386
293.830	485.676
294.247	487.783
294.663	481.952
295.080	474.874
295.497	481.024
295.914	491.034
296.331	479.773
296.747	477.440
297.164	476.319
297.581	475.145
297.998	490.932
298.414	485.034
298.831	480.005
299.248	472.908
299.665	484.884
300.082	482.034
300.498	481.932
300.915	489.435
301.332	489.459
301.749	482.531
302.165	488.420
302.582	481.401
302.999	489.966
303.416	488.213
303.833	486.638
304.249	482.947
304.666	485.391
305.083	489.821
305.500	478.444
305.916	475.377
306.333	482.145
306.750	487.328
307.167	477.860
307.584	480.633
308.000	482.425
308.417	482.937
308.834	480.638
309.251	490.164
309.667	482.391
310.084	475.130
310.501	474.700
310.918	486.981
311.335	482.430
311.751	480.179
312.168	479.285
312.585	480.464
313.002	472.082
313.418	481.300
313.835	479.309
314.252	485.807
314.669	486.961
315.086	482.058
315.502	487.251
315.919	493.812
316.336	491.130
316.753	488.415
317.169	484.140
317.586	481.377
318.003	485.449
318.420	482.686
318.837	477.618
319.253	478.966
319.670	478.754
320.087	478.763
320.504	484.053
320.921	482.420
321.337	489.000
321.754	489.430
322.171	491.662
322.588	477.459
323.004	480.749
323.421	489.242
323.838	478.029
324.255	473.087
324.672	481.672
325.088	478.502
325.505	487.082
325.922	478.488
326.339	492.208
326.755	491.807
327.172	486.647
327.589	489.623
328.006	483.860
328.423	483.995
328.839	488.570
329.256	498.850
329.673	488.589
330.090	493.459
330.506	487.058
330.923	481.623
331.340	487.382
331.757	494.164
332.174	481.657
332.590	487.280
333.007	487.367
333.424	483.290
333.841	481.367
334.257	489.314
334.674	493.425
335.091	490.672
335.508	486.382
335.925	481.309
336.341	481.633
336.758	493.005
337.175	485.841
337.592	490.754
338.008	499.981
338.425	491.754
338.842	486.348
339.259	476.425
339.676	481.300
340.092	474.512
340.509	469.860
340.926	476.531
341.343	481.628
341.760	487.812
342.176	492.246
342.593	475.213
343.010	476.150
343.427	484.681
343.843	477.908
344.260	482.179
344.677	477.362
345.094	478.362
345.511	484.377
345.927	485.710
346.344	477.348
346.761	484.198
347.178	474.556
347.594	483.947
348.011	480.502
348.428	486.155
348.845	479.884
349.262	477.454
349.678	475.406
350.095	478.072
350.512	477.106
350.929	478.546
351.345	476.778
351.762	477.459
352.179	475.961
352.596	482.000
353.013	472.145
353.429	477.889
353.846	475.203
354.263	483.918
354.680	484.947
355.096	474.783
355.513	467.604
355.930	477.923
356.347	471.314
356.764	474.469
357.180	476.928
357.597	478.140
358.014	483.377
358.431	478.411
358.847	487.614
359.264	485.261
359.681	481.488
360.098	478.193
360.515	481.232
360.931	469.633
361.348	481.449
361.765	481.961
362.182	481.130
362.599	487.135
363.015	476.816
363.432	476.488
363.849	473.768
364.266	473.812
364.682	478.271
365.099	487.947
365.516	494.957
365.933	485.377
366.350	476.155
366.766	476.000
367.183	466.290
367.600	469.778
368.017	479.585
368.433	478.208
368.850	481.174
369.267	482.715
369.684	484.454
370.101	473.425
370.517	472.401
370.934	477.309
371.351	467.541
371.768	465.546
372.184	473.382
372.601	476.580
373.018	487.082
373.435	473.609
373.852	476.222
374.268	477.604
374.685	480.874
375.102	489.493
375.519	483.116
375.935	486.242
376.352	475.908
376.769	470.696
377.186	474.159
377.603	478.672
378.019	480.976
378.436	461.314
378.853	464.406
379.270	475.324
379.686	475.618
380.103	473.348
380.520	464.222
380.937	476.372
381.354	475.048
381.770	477.251
382.187	475.101
382.604	479.647
383.021	477.034
383.438	476.556
383.854	486.246
384.271	480.681
384.688	473.971
385.105	476.135
385.521	476.729
385.938	478.425
386.355	479.174
386.772	474.744
387.189	478.251
387.605	464.454
388.022	469.411
388.439	460.836
388.856	461.121
389.272	470.560
389.689	466.754
390.106	471.609
390.523	482.048
390.940	474.647
391.356	478.208
391.773	473.483
392.190	469.382
392.607	480.657
393.023	477.512
393.440	485.498
393.857	479.213
394.274	472.246
394.691	478.425
395.107	469.174
395.524	469.870
395.941	474.126
396.358	468.870
396.774	468.845
397.191	472.889
397.608	472.367
398.025	472.367
398.442	472.831
398.858	473.014
399.275	478.488
399.692	467.430
400.109	473.565
400.525	490.391
400.942	477.179
401.359	478.217
401.776	471.246
402.193	481.343
402.609	464.198
403.026	476.222
403.443	478.599
403.860	462.575
404.276	466.744
404.693	476.213
405.110	480.208
405.527	483.285
405.944	471.580
406.360	469.681
406.777	473.657
407.194	475.251
407.611	480.676
408.028	481.604
408.444	475.763
408.861	482.493
409.278	481.024
409.695	485.357
410.111	471.676
410.528	465.816
410.945	470.159
411.362	475.275
411.779	475.150
412.195	471.802
412.612	468.546
413.029	469.652
413.446	475.140
413.862	489.198
414.279	482.483
414.696	483.159
415.113	470.899
415.530	475.415
415.946	470.903
416.363	466.338
416.780	479.493
417.197	476.319
417.613	490.213
418.030	476.667
418.447	473.498
418.864	478.681
419.281	488.957
419.697	490.087
420.114	486.087
420.531	477.372
420.948	479.541
421.364	471.217
421.781	466.014
422.198	463.918
422.615	477.377
423.032	471.106
423.448	459.826
423.865	469.599
424.282	469.290
424.699	470.575
425.115	463.705
425.532	475.435
425.949	474.488
426.366	485.560
426.783	484.512
427.199	472.082
427.616	473.246
428.033	479.024
428.450	470.507
428.867	467.826
429.283	456.135
429.700	457.184
430.117	464.382
430.534	467.077
430.950	468.821
431.367	473.082
431.784	463.729
432.201	464.082
432.618	463.966
433.034	469.261
433.451	466.362
433.868	467.623
434.285	478.164
434.701	469.092
435.118	475.527
435.535	477.643
435.952	493.512
436.369	485.024
436.785	464.565
437.202	466.111
437.619	466.754
438.036	468.092
438.452	464.184
438.869	461.952
439.286	465.072
439.703	469.164
440.120	463.406
440.536	461.348
440.953	464.435
441.370	474.309
441.787	479.957
442.203	475.391
442.620	466.536
443.037	461.522
443.454	460.372
443.871	466.328
444.287	468.889
444.704	475.174
445.121	488.643
445.538	470.739
445.954	475.913
446.371	462.256
446.788	464.957
447.205	467.705
447.622	459.614
448.038	455.623
448.455	462.116
448.872	474.899
449.289	476.676
449.706	477.019
450.122	467.029
450.539	457.647
450.956	465.986
451.373	464.725
451.789	461.976
452.206	465.720
452.623	464.324
453.040	458.203
453.457	464.019
453.873	465.449
454.290	474.478
454.707	476.932
455.124	466.778
455.540	455.386
455.957	460.643
456.374	469.077
456.791	451.657
457.208	452.483
457.624	461.889
458.041	450.618
458.458	462.696
458.875	451.411
459.291	450.952
459.708	451.884
460.125	451.903
460.542	469.029
460.959	464.831
461.375	457.585
461.792	454.048
462.209	453.101
462.626	454.440
463.042	453.681
463.459	453.082
463.876	454.754
464.293	465.208
464.710	459.498
465.126	457.328
465.543	447.990
465.960	449.043
466.377	452.643
466.793	456.536
467.210	461.575
467.627	455.560
468.044	455.850
468.461	459.304
468.877	458.749
469.294	461.372
469.711	455.807
470.128	459.971
470.544	458.019
470.961	454.063
471.378	462.068
471.795	459.213
472.212	451.686
472.628	463.406
473.045	472.222
473.462	456.077
473.879	470.430
474.296	465.420
474.712	459.638
475.129	453.140
475.546	450.913
475.963	452.111
476.379	452.043
476.796	460.512
477.213	459.744
477.630	451.116
478.047	450.502
478.463	451.918
478.880	462.198
479.297	459.367
479.714	468.488
480.130	471.005
480.547	463.580
480.964	459.913
481.381	459.628
481.798	457.097
482.214	452.628
482.631	449.237
483.048	463.787
483.465	469.140
483.881	471.585
484.298	455.488
484.715	450.406
485.132	455.570
485.549	456.314
485.965	462.048
486.382	455.290
486.799	455.633
487.216	461.826
487.632	459.531
488.049	461.821
488.466	451.406
488.883	448.609
489.300	449.899
489.716	447.024
490.133	442.063
490.550	454.739
490.967	465.995
491.383	459.425
491.800	463.981
492.217	458.391
492.634	470.749
493.051	459.821
493.467	460.725
493.884	449.889
494.301	451.126
494.718	456.401
495.135	447.333
495.551	449.401
495.968	458.328
496.385	454.589
496.802	448.657
497.218	461.135
497.635	464.715
498.052	466.536
498.469	454.512
498.886	449.976
499.302	447.488
499.719	454.773
500.136	467.043
500.553	461.343
500.969	460.715
501.386	455.169
501.803	457.285
502.220	459.855
502.637	461.106
503.053	451.290
503.470	449.328
503.887	455.758
504.304	460.570
504.720	462.019
505.137	468.739
505.554	448.309
505.971	450.164
506.388	468.531
506.804	460.826
507.221	461.614
507.638	450.783
508.055	442.778
508.471	435.502
508.888	443.348
509.305	441.411
509.722	439.961
510.139	435.884
510.555	446.333
510.972	456.502
511.389	465.531
511.806	466.000
512.222	460.483
512.639	452.435
513.056	455.048
513.473	459.280
513.890	459.440
514.306	458.686
514.723	461.981
515.140	469.063
515.557	450.116
515.974	448.739
516.390	455.116
516.807	458.483
517.224	442.300
517.641	445.063
518.057	454.541
518.474	449.995
518.891	473.551
519.308	469.275
519.725	474.594
520.141	470.130
520.558	473.976
520.975	471.440
521.392	459.386
521.808	452.039
522.225	441.763
522.642	444.425
523.059	444.580
523.476	456.169
523.892	454.362
524.309	464.034
524.726	464.411
525.143	451.333
525.559	443.990
525.976	444.710
526.393	436.111
526.810	440.841
527.227	445.971
527.643	443.213
528.060	452.787
528.477	463.000
528.894	459.150
529.310	449.116
529.727	445.913
530.144	465.995
530.561	502.652
530.978	493.768
531.394	474.140
531.811	473.816
532.228	468.498
532.645	459.928
533.061	444.208
533.478	443.077
533.895	445.411
534.312	454.251
534.729	466.454
535.145	458.560
535.562	464.440
535.979	475.072
536.396	464.140
536.812	450.758
537.229	462.188
537.646	469.493
538.063	463.957
538.480	470.280
538.896	465.145
539.313	464.174
539.730	456.430
540.147	446.406
540.564	436.778
540.980	441.937
541.397	456.812
541.814	449.324
542.231	441.841
542.647	436.401
543.064	436.435
543.481	450.860
543.898	452.604
544.315	457.739
544.731	453.826
545.148	456.928
545.565	454.976
545.982	461.150
546.398	440.072
546.815	410.126
547.232	412.237
547.649	418.208
548.066	415.657
548.482	407.333
548.899	381.889
549.316	386.589
549.733	401.643
550.149	400.918
550.566	392.208
550.983	411.271
551.400	398.860
551.817	385.000
552.233	374.918
552.650	356.300
553.067	355.633
553.484	345.594
553.900	346.440
554.317	341.169
554.734	335.783
555.151	323.522
555.568	317.710
555.984	320.614
556.401	324.860
556.818	315.947
557.235	307.792
557.651	306.628
558.068	308.338
558.485	315.261
558.902	308.928
559.319	294.473
559.735	289.198
560.152	294.845
560.569	289.164
560.986	294.193
561.403	295.415
561.819	287.406
562.236	296.150
562.653	286.720
563.070	286.715
563.486	292.208
563.903	289.589
564.320	280.575
564.737	280.203
565.154	269.580
565.570	261.710
565.987	270.604
566.404	261.372
566.821	247.362
567.237	239.348
567.654	243.952
568.071	238.981
568.488	234.807
568.905	221.430
569.321	227.111
569.738	229.758
570.155	217.715
570.572	217.130
570.988	209.589
571.405	200.826
571.822	204.430
572.239	198.135
572.656	186.831
573.072	181.575
573.489	172.425
573.906	168.739
574.323	159.816
574.739	153.560
575.156	142.275
575.573	132.700
575.990	126.652
576.407	120.725
576.823	108.333
577.240	104.328
577.657	99.599
578.074	93.942
578.490	87.242
578.907	82.966
579.324	83.237
579.741	80.899
580.158	74.507
580.574	70.106
580.991	68.918
581.408	74.512
581.825	68.686
582.242	68.831
582.658	67.981
583.075	68.618
583.492	62.763
583.909	65.908
584.325	60.725
584.742	58.232
585.159	57.604
585.576	54.014
585.993	58.647
586.409	55.792
586.826	51.498
587.243	48.184
587.660	48.048
588.076	49.140
588.493	47.749
588.910	46.918
589.327	42.019
589.744	43.184
590.160	40.329
590.577	41.285
590.994	39.087
591.411	37.623
591.827	37.362
592.244	36.498
592.661	32.488
593.078	32.377
593.495	30.874
593.911	29.140
594.328	27.377
594.745	24.560
595.162	23.667
595.578	24.715
595.995	23.797
596.412	23.101
596.829	20.589
597.246	18.227
597.662	18.319
598.079	16.246
598.496	15.643
598.913	15.198
599.329	11.971
599.746	11.242
600.163	9.981
600.580	8.290
600.997	7.517
601.413	5.894
601.830	4.821
602.247	3.913
602.664	2.961
603.081	1.700
603.497	0.174
