X	Y
0.000	0.159
0.417	1.406
0.834	2.662
1.250	4.087
1.667	5.382
2.084	6.498
2.501	8.159
2.917	10.430
3.334	14.314
3.751	14.758
4.168	14.845
4.585	15.662
5.001	15.986
5.418	17.367
5.835	19.029
6.252	21.039
6.668	22.401
7.085	24.546
7.502	25.232
7.919	26.411
8.336	27.536
8.752	29.773
9.169	30.725
9.586	31.841
10.003	34.367
10.419	35.594
10.836	36.000
11.253	36.531
11.670	38.570
12.087	39.628
12.503	41.145
12.920	42.589
13.337	44.000
13.754	45.773
14.171	47.087
14.587	49.580
15.004	50.599
15.421	54.556
15.838	59.043
16.254	58.357
16.671	59.314
17.088	59.217
17.505	59.594
17.922	61.411
18.338	62.155
18.755	65.300
19.172	69.546
19.589	78.459
20.005	90.275
20.422	101.841
20.839	130.101
21.256	164.981
21.673	184.329
22.089	198.594
22.506	193.198
22.923	177.275
23.340	147.179
23.756	153.841
24.173	186.435
24.590	202.106
25.007	201.396
25.424	215.193
25.840	249.889
26.257	277.145
26.674	261.744
27.091	252.039
27.507	264.870
27.924	296.473
28.341	276.068
28.758	252.493
29.175	231.498
29.591	240.043
30.008	241.889
30.425	232.618
30.842	246.783
31.258	270.217
31.675	322.246
32.092	385.628
32.509	425.580
32.926	440.251
33.342	417.691
33.759	383.628
34.176	351.908
34.593	320.517
35.010	324.894
35.426	348.469
35.843	334.710
36.260	294.546
36.677	254.836
37.093	221.242
37.510	207.280
37.927	213.386
38.344	231.266
38.761	237.295
39.177	239.217
39.594	243.845
40.011	249.884
40.428	244.995
40.844	234.589
41.261	217.527
41.678	221.053
42.095	228.691
42.512	240.130
42.928	258.106
43.345	264.444
43.762	270.928
44.179	281.469
44.595	316.256
45.012	349.831
45.429	349.324
45.846	309.208
46.263	286.058
46.679	287.261
47.096	310.362
47.513	329.691
47.930	317.744
48.346	300.913
48.763	294.372
49.180	291.787
49.597	272.879
50.014	274.391
50.430	288.348
50.847	288.401
51.264	293.923
51.681	300.261
52.097	294.652
52.514	284.213
52.931	267.758
53.348	258.971
53.765	245.415
54.181	234.773
54.598	228.729
55.015	224.710
55.432	242.671
55.849	272.478
56.265	271.739
56.682	258.889
57.099	259.836
57.516	260.126
57.932	282.908
58.349	294.720
58.766	296.367
59.183	285.256
59.600	270.643
60.016	262.222
60.433	261.483
60.850	279.623
61.267	309.899
61.683	338.213
62.100	336.928
62.517	308.734
62.934	274.783
63.351	261.995
63.767	261.541
64.184	298.092
64.601	314.865
65.018	337.232
65.434	411.188
65.851	543.039
66.268	558.179
66.685	444.353
67.102	358.628
67.518	333.092
67.935	331.188
68.352	345.628
68.769	343.715
69.185	377.425
69.602	400.024
70.019	353.990
70.436	293.072
70.853	279.609
71.269	284.092
71.686	305.411
72.103	332.179
72.520	357.879
72.936	363.870
73.353	376.768
73.770	351.411
74.187	315.077
74.604	288.570
75.020	299.560
75.437	304.638
75.854	293.198
76.271	292.512
76.688	306.778
77.104	307.990
77.521	299.101
77.938	286.348
78.355	273.155
78.771	272.164
79.188	278.928
79.605	283.855
80.022	291.715
80.439	293.792
80.855	297.121
81.272	309.522
81.689	336.164
82.106	337.396
82.522	313.106
82.939	280.232
83.356	273.271
83.773	282.754
84.190	286.251
84.606	297.473
85.023	288.802
85.440	290.812
85.857	331.208
86.273	375.652
86.690	385.831
87.107	356.348
87.524	331.570
87.941	321.792
88.357	297.696
88.774	299.473
89.191	300.300
89.608	284.077
90.024	304.237
90.441	334.812
90.858	354.604
91.275	356.237
91.692	341.502
92.108	330.536
92.525	310.821
92.942	332.285
93.359	374.005
93.775	399.995
94.192	358.478
94.609	330.097
95.026	344.208
95.443	371.010
95.859	393.932
96.276	378.836
96.693	346.328
97.110	322.256
97.526	306.783
97.943	335.908
98.360	384.053
98.777	387.246
99.194	361.179
99.610	353.990
100.027	343.130
100.444	332.140
100.861	329.111
101.278	332.957
101.694	380.237
102.111	418.947
102.528	385.541
102.945	340.034
103.361	322.488
103.778	334.826
104.195	339.304
104.612	346.498
105.029	402.652
105.445	449.135
105.862	461.797
106.279	419.647
106.696	371.609
107.112	362.222
107.529	386.816
107.946	423.111
108.363	494.657
108.780	502.638
109.196	388.918
109.613	360.203
110.030	349.783
110.447	321.164
110.863	329.184
111.280	390.271
111.697	473.357
112.114	496.072
112.531	445.527
112.947	408.966
113.364	368.860
113.781	336.179
114.198	352.179
114.614	389.386
115.031	436.372
115.448	459.894
115.865	456.449
116.282	413.155
116.698	406.406
117.115	397.478
117.532	395.638
117.949	443.841
118.365	442.802
118.782	394.928
119.199	395.150
119.616	408.942
120.033	424.271
120.449	493.019
120.866	543.184
121.283	538.522
121.700	558.957
122.117	589.072
122.533	559.111
122.950	476.246
123.367	438.715
123.784	445.710
124.200	459.614
124.617	533.841
125.034	562.188
125.451	522.396
125.868	512.986
126.284	547.396
126.701	524.609
127.118	498.652
127.535	487.043
127.951	489.589
128.368	489.976
128.785	515.299
129.202	603.889
129.619	629.913
130.035	593.570
130.452	522.208
130.869	508.754
131.286	532.609
131.702	548.715
132.119	549.362
132.536	493.386
132.953	432.536
133.370	422.275
133.786	455.227
134.203	466.473
134.620	463.797
135.037	482.391
135.453	500.874
135.870	485.594
136.287	468.580
136.704	438.377
137.121	414.357
137.537	434.995
137.954	484.271
138.371	486.797
138.788	474.314
139.204	476.932
139.621	501.077
140.038	582.947
140.455	640.990
140.872	662.053
141.288	623.266
141.705	592.159
142.122	518.232
142.539	525.971
142.956	574.565
143.372	646.159
143.789	698.082
144.206	744.647
144.623	794.981
145.039	789.357
145.456	796.507
145.873	824.947
146.290	856.242
146.707	797.193
147.123	711.763
147.540	713.367
147.957	693.135
148.374	677.604
148.790	735.541
149.207	741.947
149.624	778.657
150.041	795.145
150.458	870.063
150.874	923.565
151.291	965.280
151.708	1022.865
152.125	989.000
152.541	1006.517
152.958	1129.454
153.375	1244.899
153.792	1265.121
154.209	1253.744
154.625	1313.126
155.042	1301.063
155.459	1232.512
155.876	1212.816
156.292	1281.338
156.709	1287.894
157.126	1320.870
157.543	1373.531
157.960	1529.135
158.376	1600.019
158.793	1528.256
159.210	1584.039
159.627	1592.710
160.043	1443.826
160.460	1454.019
160.877	1572.324
161.294	1615.812
161.711	1652.043
162.127	1790.435
162.544	1880.000
162.961	1811.565
163.378	1857.184
163.794	1900.188
164.211	1879.657
164.628	1988.449
165.045	2059.681
165.462	2070.198
165.878	2128.778
166.295	2155.976
166.712	2071.145
167.129	1911.029
167.546	1921.686
167.962	2046.430
168.379	2256.217
168.796	2329.048
169.213	2341.551
169.629	2299.657
170.046	2407.976
170.463	2517.063
170.880	2397.121
171.297	2412.841
171.713	2514.821
172.130	2514.411
172.547	2438.594
172.964	2413.184
173.380	2341.179
173.797	2298.362
174.214	2330.217
174.631	2440.454
175.048	2664.773
175.464	2768.285
175.881	2730.261
176.298	2707.073
176.715	2780.580
177.131	2947.034
177.548	2998.053
177.965	3029.986
178.382	2995.638
178.799	3094.744
179.215	3263.995
179.632	3250.792
180.049	3239.357
180.466	3223.551
180.882	3341.908
181.299	3326.783
181.716	3299.986
182.133	3360.097
182.550	3369.377
182.966	3362.266
183.383	3395.797
183.800	3425.039
184.217	3361.188
184.633	3396.295
185.050	3583.889
185.467	3672.444
185.884	3495.773
186.301	3303.671
186.717	3214.246
187.134	3211.435
187.551	3281.739
187.968	3250.449
188.385	3259.169
188.801	3430.005
189.218	3686.995
189.635	3862.174
190.052	3983.841
190.468	3948.696
190.885	3838.643
191.302	3920.816
191.719	3946.367
192.136	3724.411
192.552	3663.778
192.969	3584.232
193.386	3462.333
193.803	3486.121
194.219	3659.580
194.636	3887.589
195.053	3987.285
195.470	3959.792
195.887	3943.522
196.303	3683.469
196.720	3622.386
197.137	3795.449
197.554	4087.184
197.970	4259.913
198.387	4228.995
198.804	4182.251
199.221	4143.275
199.638	4033.841
200.054	3962.565
200.471	3951.870
200.888	3904.676
201.305	3770.957
201.721	3954.599
202.138	4131.247
202.555	4114.957
202.972	3936.527
203.389	3954.918
203.805	4053.894
204.222	4016.333
204.639	4094.024
205.056	4030.121
205.472	4105.193
205.889	4321.599
206.306	4521.444
206.723	4421.879
207.140	4251.222
207.556	4132.188
207.973	4182.807
208.390	4113.020
208.807	3961.903
209.224	3872.787
209.640	3915.406
210.057	4055.580
210.474	4044.121
210.891	3955.232
211.307	3814.213
211.724	3647.691
212.141	3608.662
212.558	3642.841
212.975	3503.986
213.391	3417.773
213.808	3444.014
214.225	3572.961
214.642	3692.333
215.058	3786.913
215.475	3745.130
215.892	3692.729
216.309	3721.990
216.726	3640.014
217.142	3688.116
217.559	3722.348
217.976	3766.638
218.393	3687.203
218.809	3555.633
219.226	3781.647
219.643	3732.232
220.060	3554.821
220.477	3491.725
220.893	3476.657
221.310	3607.073
221.727	3663.217
222.144	3796.575
222.560	3861.121
222.977	3761.657
223.394	3854.889
223.811	3982.411
224.228	3765.517
224.644	3654.614
225.061	3545.073
225.478	3599.121
225.895	3721.754
226.311	3601.416
226.728	3380.150
227.145	3305.517
227.562	3356.633
227.979	3279.193
228.395	3212.087
228.812	3121.063
229.229	3142.826
229.646	3054.488
230.062	2846.014
230.479	2723.618
230.896	2776.894
231.313	2702.633
231.730	2561.483
232.146	2506.961
232.563	2559.759
232.980	2672.710
233.397	2755.039
233.814	2673.232
234.230	2496.184
234.647	2426.918
235.064	2407.077
235.481	2468.043
235.897	2478.759
236.314	2355.792
236.731	2414.845
237.148	2499.667
237.565	2382.556
237.981	2332.739
238.398	2341.512
238.815	2257.768
239.232	2175.860
239.648	2150.845
240.065	2140.802
240.482	2187.271
240.899	2063.971
241.316	1986.609
241.732	1937.121
242.149	1984.367
242.566	2016.164
242.983	1923.459
243.399	1978.585
243.816	1894.116
244.233	1789.314
244.650	1699.821
245.067	1626.715
245.483	1523.145
245.900	1415.754
246.317	1377.512
246.734	1372.034
247.150	1466.758
247.567	1588.309
247.984	1560.947
248.401	1512.599
248.818	1475.744
249.234	1613.633
249.651	1659.546
250.068	1626.720
250.485	1539.333
250.901	1487.734
251.318	1360.198
251.735	1332.990
252.152	1365.082
252.569	1354.778
252.985	1221.517
253.402	1167.203
253.819	1166.106
254.236	1246.251
254.653	1238.879
255.069	1234.358
255.486	1181.696
255.903	1250.715
256.320	1426.391
256.736	1406.580
257.153	1385.705
257.570	1232.923
257.987	1080.531
258.404	1037.647
258.820	1011.440
259.237	918.657
259.654	808.744
260.071	747.802
260.487	747.256
260.904	771.652
261.321	750.372
261.738	758.976
262.155	746.918
262.571	691.208
262.988	695.411
263.405	730.377
263.822	811.213
264.238	896.787
264.655	925.048
265.072	845.353
265.489	770.517
265.906	773.493
266.322	751.198
266.739	730.444
267.156	725.391
267.573	751.372
267.989	795.681
268.406	784.285
268.823	729.918
269.240	670.353
269.657	724.594
270.073	753.850
270.490	745.850
270.907	634.184
271.324	581.159
271.740	541.126
272.157	538.251
272.574	590.570
272.991	620.290
273.408	642.734
273.824	640.681
274.241	601.295
274.658	600.082
275.075	623.473
275.492	608.005
275.908	596.338
276.325	626.937
276.742	594.048
277.159	526.478
277.575	464.198
277.992	424.551
278.409	415.184
278.826	412.188
279.243	427.884
279.659	446.106
280.076	482.918
280.493	517.594
280.910	474.802
281.326	424.686
281.743	435.725
282.160	489.126
282.577	486.275
282.994	457.222
283.410	450.145
283.827	504.522
284.244	535.261
284.661	562.551
285.077	515.435
285.494	443.116
285.911	447.894
286.328	475.720
286.745	471.034
287.161	501.415
287.578	566.604
287.995	574.937
288.412	497.879
288.828	431.589
289.245	408.068
289.662	377.517
290.079	367.652
290.496	349.444
290.912	329.604
291.329	312.618
291.746	325.609
292.163	359.459
292.579	365.841
292.996	371.126
293.413	378.111
293.830	383.391
294.247	383.415
294.663	380.855
295.080	419.860
295.497	426.855
295.914	384.314
296.331	368.744
296.747	391.966
297.164	414.850
297.581	399.952
297.998	417.184
298.414	446.430
298.831	456.164
299.248	454.556
299.665	416.932
300.082	394.420
300.498	406.411
300.915	411.749
301.332	438.053
301.749	561.981
302.165	626.638
302.582	528.536
302.999	466.058
303.416	407.903
303.833	395.203
304.249	444.744
304.666	480.242
305.083	419.362
305.500	372.246
305.916	359.362
306.333	344.106
306.750	360.242
307.167	390.488
307.584	360.734
308.000	371.889
308.417	381.638
308.834	372.676
309.251	337.029
309.667	313.483
310.084	336.203
310.501	361.928
310.918	346.251
311.335	339.266
311.751	334.498
312.168	334.937
312.585	362.420
313.002	372.744
313.418	375.362
313.835	387.425
314.252	393.783
314.669	382.058
315.086	367.478
315.502	364.942
315.919	339.435
316.336	304.609
316.753	313.328
317.169	306.710
317.586	315.401
318.003	344.092
318.420	380.633
318.837	390.787
319.253	403.333
319.670	506.676
320.087	564.338
320.504	571.874
320.921	458.942
321.337	365.188
321.754	362.623
322.171	389.773
322.588	376.845
323.004	333.024
323.421	330.203
323.838	365.077
324.255	400.116
324.672	419.401
325.088	413.570
325.505	350.353
325.922	301.304
326.339	285.464
326.755	288.754
327.172	270.034
327.589	271.870
328.006	292.242
328.423	323.077
328.839	352.435
329.256	348.971
329.673	335.546
330.090	353.874
330.506	371.928
330.923	382.246
331.340	417.734
331.757	441.372
332.174	443.522
332.590	415.328
333.007	405.077
333.424	414.420
333.841	388.435
334.257	362.266
334.674	343.734
335.091	347.710
335.508	376.908
335.925	404.541
336.341	385.821
336.758	338.560
337.175	309.816
337.592	315.720
338.008	352.575
338.425	415.754
338.842	468.976
339.259	437.865
339.676	423.826
340.092	402.454
340.509	375.807
340.926	364.585
341.343	356.396
341.760	318.208
342.176	316.976
342.593	305.531
343.010	306.314
343.427	303.845
343.843	326.072
344.260	341.792
344.677	361.261
345.094	361.068
345.511	324.638
345.927	312.647
346.344	295.314
346.761	293.604
347.178	292.155
347.594	307.831
348.011	334.053
348.428	362.198
348.845	375.589
349.262	389.870
349.678	368.618
350.095	349.454
350.512	344.715
350.929	362.285
351.345	379.309
351.762	387.478
352.179	364.300
352.596	355.565
353.013	398.527
353.429	391.271
353.846	357.155
354.263	341.043
354.680	343.435
355.096	314.865
355.513	295.758
355.930	335.440
356.347	382.454
356.764	377.749
357.180	376.860
357.597	393.894
358.014	419.928
358.431	408.019
358.847	397.966
359.264	426.836
359.681	448.502
360.098	459.014
360.515	433.705
360.931	464.338
361.348	468.604
361.765	445.565
362.182	454.797
362.599	432.836
363.015	382.961
363.432	343.343
363.849	334.512
364.266	323.589
364.682	326.758
365.099	301.072
365.516	307.841
365.933	352.425
366.350	360.667
366.766	348.237
367.183	336.560
367.600	339.614
368.017	358.507
368.433	372.285
368.850	368.700
369.267	385.908
369.684	415.111
370.101	398.710
370.517	372.043
370.934	361.870
371.351	348.676
371.768	324.266
372.184	329.923
372.601	338.188
373.018	355.744
373.435	332.502
373.852	304.556
374.268	297.923
374.685	319.415
375.102	323.198
375.519	316.295
375.935	320.242
376.352	341.053
376.769	358.739
377.186	331.155
377.603	315.005
378.019	300.217
378.436	307.333
378.853	325.179
379.270	338.855
379.686	343.754
380.103	373.691
380.520	376.734
380.937	338.232
381.354	314.488
381.770	324.155
382.187	345.314
382.604	364.966
383.021	337.188
383.438	324.082
383.854	314.502
384.271	329.135
384.688	338.773
385.105	342.734
385.521	328.198
385.938	330.488
386.355	335.522
386.772	340.879
387.189	324.744
387.605	306.860
388.022	303.063
388.439	329.353
388.856	353.227
389.272	346.599
389.689	336.633
390.106	329.188
390.523	299.841
390.940	293.401
391.356	302.527
391.773	300.014
392.190	319.048
392.607	362.802
393.023	432.314
393.440	408.440
393.857	315.314
394.274	288.111
394.691	291.135
395.107	301.768
395.524	339.744
395.941	359.551
396.358	384.672
396.774	444.575
397.191	443.473
397.608	420.077
398.025	386.464
398.442	350.715
398.858	313.319
399.275	304.010
399.692	342.792
400.109	443.937
400.525	517.184
400.942	419.068
401.359	349.966
401.776	324.908
402.193	332.884
402.609	339.430
403.026	340.894
403.443	320.995
403.860	307.367
404.276	303.589
404.693	293.179
405.110	294.546
405.527	307.908
405.944	334.928
406.360	317.628
406.777	329.111
407.194	368.343
407.611	401.184
408.028	429.401
408.444	416.449
408.861	406.280
409.278	417.836
409.695	402.150
410.111	343.391
410.528	307.546
410.945	357.077
411.362	416.700
411.779	466.435
412.195	437.623
412.612	361.362
413.029	327.971
413.446	329.860
413.862	397.000
414.279	489.527
414.696	596.126
415.113	613.758
415.530	472.444
415.946	379.237
416.363	357.710
416.780	368.961
417.197	368.193
417.613	366.232
418.030	355.222
418.447	343.812
418.864	315.155
419.281	324.981
419.697	380.923
420.114	449.198
420.531	419.841
420.948	388.778
421.364	374.014
421.781	402.179
422.198	389.135
422.615	369.850
423.032	373.870
423.448	354.976
423.865	331.010
424.282	331.836
424.699	338.889
425.115	375.700
425.532	364.551
425.949	319.208
426.366	294.319
426.783	279.237
427.199	286.816
427.616	311.043
428.033	319.986
428.450	318.836
428.867	333.469
429.283	328.396
429.700	298.720
430.117	289.130
430.534	288.019
430.950	282.580
431.367	295.618
431.784	352.019
432.201	390.643
432.618	366.295
433.034	350.314
433.451	353.256
433.868	324.024
434.285	308.425
434.701	341.203
435.118	386.024
435.535	458.483
435.952	558.333
436.369	532.531
436.785	422.063
437.202	357.874
437.619	363.720
438.036	398.947
438.452	389.396
438.869	348.266
439.286	338.913
439.703	335.783
440.120	322.841
440.536	322.401
440.953	335.961
441.370	325.937
441.787	315.251
442.203	334.768
442.620	331.353
443.037	308.739
443.454	296.604
443.871	278.507
444.287	287.556
444.704	340.792
445.121	377.995
445.538	330.715
445.954	307.787
446.371	306.077
446.788	320.966
447.205	326.039
447.622	330.135
448.038	321.328
448.455	314.425
448.872	298.792
449.289	297.879
449.706	347.169
450.122	380.937
450.539	330.705
450.956	333.280
451.373	344.667
451.789	334.942
452.206	327.367
452.623	315.986
453.040	322.647
453.457	347.981
453.873	359.546
454.290	398.295
454.707	438.372
455.124	494.314
455.540	468.386
455.957	387.217
456.374	327.734
456.791	320.638
457.208	308.237
457.624	308.155
458.041	303.164
458.458	295.957
458.875	287.710
459.291	274.043
459.708	281.556
460.125	308.126
460.542	344.802
460.959	421.019
461.375	419.783
461.792	430.995
462.209	419.377
462.626	352.275
463.042	325.198
463.459	332.106
463.876	396.343
464.293	370.246
464.710	307.657
465.126	282.908
465.543	274.918
465.960	277.333
466.377	300.580
466.793	305.217
467.210	284.652
467.627	283.493
468.044	293.580
468.461	306.328
468.877	329.986
469.294	358.928
469.711	357.807
470.128	322.174
470.544	309.150
470.961	333.594
471.378	341.208
471.795	352.618
472.212	363.502
472.628	314.932
473.045	289.198
473.462	282.754
473.879	304.502
474.296	341.831
474.712	406.845
475.129	512.937
475.546	556.072
475.963	542.512
476.379	452.097
476.796	407.638
477.213	405.353
477.630	425.014
478.047	457.986
478.463	413.575
478.880	347.942
479.297	304.179
479.714	289.464
480.130	298.783
480.547	298.232
480.964	302.188
481.381	308.246
481.798	305.435
482.214	308.609
482.631	336.116
483.048	395.749
483.465	413.720
483.881	411.415
484.298	419.783
484.715	407.710
485.132	430.749
485.549	447.971
485.965	424.812
486.382	402.208
486.799	378.401
487.216	338.652
487.632	307.976
488.049	280.300
488.466	279.362
488.883	275.502
489.300	294.758
489.716	317.222
490.133	349.952
490.550	419.575
490.967	369.966
491.383	335.870
491.800	379.314
492.217	395.126
492.634	346.662
493.051	346.580
493.467	408.662
493.884	396.531
494.301	360.082
494.718	337.164
495.135	358.633
495.551	351.237
495.968	322.227
496.385	314.048
496.802	318.865
497.218	342.826
497.635	361.295
498.052	379.957
498.469	387.377
498.886	387.923
499.302	368.976
499.719	346.266
500.136	387.609
500.553	431.976
500.969	412.328
501.386	353.691
501.803	323.290
502.220	314.749
502.637	334.208
503.053	359.942
503.470	337.097
503.887	308.459
504.304	313.271
504.720	286.087
505.137	263.816
505.554	261.411
505.971	281.459
506.388	289.101
506.804	282.894
507.221	311.710
507.638	369.077
508.055	464.082
508.471	443.111
508.888	385.348
509.305	383.870
509.722	348.169
510.139	322.705
510.555	361.672
510.972	362.623
511.389	317.174
511.806	308.106
512.222	324.797
512.639	373.744
513.056	440.478
513.473	404.551
513.890	411.947
514.306	455.947
514.723	587.464
515.140	726.145
515.557	647.628
515.974	520.783
516.390	465.908
516.807	389.686
517.224	303.580
517.641	302.971
518.057	319.155
518.474	343.348
518.891	366.792
519.308	359.256
519.725	368.343
520.141	407.527
520.558	385.860
520.975	354.280
521.392	328.324
521.808	336.841
522.225	365.459
522.642	368.449
523.059	370.203
523.476	365.918
523.892	342.754
524.309	339.014
524.726	385.295
525.143	461.106
525.559	573.691
525.976	714.251
526.393	691.874
526.810	542.681
527.227	445.382
527.643	379.217
528.060	334.304
528.477	342.870
528.894	380.676
529.310	388.932
529.727	466.570
530.144	558.290
530.561	514.391
530.978	464.952
531.394	534.048
531.811	572.222
532.228	500.725
532.645	463.802
533.061	438.749
533.478	387.831
533.895	365.053
534.312	351.507
534.729	379.517
535.145	396.473
535.562	400.116
535.979	388.686
536.396	379.565
536.812	428.531
537.229	480.860
537.646	534.986
538.063	484.333
538.480	408.594
538.896	423.232
539.313	461.072
539.730	557.995
540.147	630.440
540.564	542.246
540.980	495.338
541.397	544.638
541.814	577.947
542.231	579.415
542.647	472.145
543.064	376.961
543.481	381.271
543.898	433.261
544.315	489.300
544.731	443.734
545.148	390.894
545.565	332.126
545.982	308.966
546.398	315.816
546.815	326.594
547.232	327.874
547.649	323.667
548.066	347.275
548.482	403.725
548.899	446.797
549.316	417.097
549.733	396.106
550.149	423.870
550.566	434.986
550.983	380.589
551.400	341.087
551.817	318.082
552.233	286.575
552.650	277.101
553.067	300.208
553.484	353.092
553.900	413.164
554.317	371.662
554.734	295.179
555.151	282.367
555.568	299.754
555.984	282.053
556.401	267.469
556.818	276.604
557.235	310.816
557.651	399.338
558.068	549.870
558.485	591.256
558.902	481.729
559.319	360.826
559.735	307.319
560.152	273.440
560.569	321.111
560.986	354.043
561.403	388.729
561.819	379.097
562.236	365.807
562.653	360.845
563.070	385.227
563.486	384.754
563.903	359.198
564.320	348.870
564.737	347.831
565.154	295.522
565.570	266.449
565.987	261.164
566.404	253.676
566.821	282.889
567.237	303.580
567.654	313.174
568.071	306.280
568.488	271.251
568.905	231.193
569.321	199.193
569.738	182.952
570.155	188.406
570.572	207.961
570.988	251.821
571.405	287.821
571.822	308.836
572.239	332.454
572.656	326.193
573.072	321.266
573.489	267.841
573.906	246.314
574.323	296.565
574.739	366.865
575.156	360.140
575.573	313.101
575.990	323.729
576.407	278.343
576.823	212.150
577.240	169.638
577.657	153.585
578.074	158.541
578.490	160.227
578.907	123.295
579.324	100.585
579.741	89.449
580.158	87.986
580.574	84.884
580.991	81.961
581.408	77.396
581.825	72.623
582.242	70.386
582.658	72.232
583.075	70.860
583.492	66.623
583.909	66.527
584.325	64.058
584.742	63.638
585.159	59.208
585.576	60.459
585.993	59.101
586.409	57.068
586.826	54.440
587.243	52.000
587.660	50.913
588.076	50.101
588.493	51.014
588.910	47.353
589.327	46.232
589.744	47.280
590.160	45.614
590.577	43.734
590.994	41.522
591.411	41.845
591.827	45.729
592.244	41.522
592.661	39.329
593.078	39.111
593.495	35.473
593.911	35.406
594.328	33.058
594.745	31.478
595.162	27.483
595.578	25.449
595.995	24.319
596.412	22.483
596.829	21.406
597.246	21.546
597.662	19.715
598.079	17.609
598.496	17.618
598.913	16.275
599.329	14.531
599.746	12.710
600.163	10.580
600.580	9.744
600.997	7.990
601.413	6.551
601.830	5.676
602.247	4.058
602.664	2.990
603.081	1.527
603.497	0.242
