Intervals=4

X Coeffs -----------------------------------
  -459.43223322081553    19.534499185776887    494.42494984321274     966.3493548219301    1436.4179501923663    1908.5901963392566    2386.8390640455646 
   -455.0955608467006    23.971656946040667    498.55263457096595     971.5057562555321    1437.1137632242096    1904.3083237571188    2385.0265521636647 
   -450.4853072512264     34.80246901028796     504.4530862324192     991.7870717534473    1443.6055558021153    1900.8768626927233     2386.858580827266 
  -446.92328624606387     48.64470166366784    488.64484332337565    1014.3392346086442    1487.0033399104952    1910.9597351425493    2390.6674993647184 
  -448.53844276668275     40.78393497068222    494.63586114141657      966.063973345793    1411.7393209823103       1906.8651843769    2394.4375840970106 
   -452.3408789849235    28.558226495583597     501.2613368422374     961.7301734846668    1440.4183688077085    1926.5210440383073    2396.3602324240755 
   -458.1478281964256    21.771024410518386    493.48637374755924     964.0061244694298    1442.4644809017398    1920.0980563217256    2397.7649143548165 

Y Coeffs -----------------------------------
  -200.86828568961454    -204.5475195994611   -202.58218396821383    -198.9791644825855    -198.0249662803393   -199.26971381785123   -202.40851831449748 
  -11.053996772247539    -16.08701029278878      28.4998283452248    17.715792128727024      3.67093446004047      21.3117636635446    -3.169965063095859 
   181.10325192736207    168.67349996384283    159.53621087499562    155.53839622254154     157.0736125636764    206.96419433736372    187.90023919786003 
    369.6514483142533     364.4093723111886     384.3908126652192    385.12832422244827    405.03453774496137    388.77002506628264    377.89755491029933 
    551.3876852042174     544.5474622920674     562.9059656325944      620.517540092622      555.512383829476     595.1524775424618     573.8419336000355 
    737.5732078321075     718.2428056284001     723.0205385633636     724.0406634400899     795.7410222446836     813.0624348250694     755.8184920347358 
    942.2183663435287     936.7506129488427     947.2293853419806     970.1674444324665    1009.3323196969517    1011.6665771832243     999.3815776264371 
