Intervals=4

X Coeffs -----------------------------------
   -451.4227951845777    24.031971466155632     491.7583093399569     953.9442456590101    1412.7778076454993     1878.155905991886    2359.9754513906323 
   -445.3128277656506     29.86679587963035    497.67690756652235     959.0534240832488    1411.2315320543769    1868.2720683498346     2353.141222819752 
    -442.155019150382    33.089920078288024     489.9991736520264     964.1067391244818    1423.8027764914054    1874.6229607839784     2358.966606085239 
  -439.97186389639427       48.332983562666    499.79783101476306     984.2513613042863     1470.165843424242     1896.640862217938     2369.949978226711 
   -438.2615800979934     44.10786983673898     519.4785890490577     996.2837660926415     1436.713329912496    1907.7392850569768    2380.7396797551023 
   -438.8488657992344     41.38587898172029      515.570012059553     983.3164994523341    1428.7908237413349    1929.2081858113013     2389.873719526162 
  -445.03414258085576     36.14234879661436     510.5348440372981     980.8656848564941     1451.396997155991    1920.9244870369703    2396.4802536175894 

Y Coeffs -----------------------------------
  -208.28986392170924   -208.71935065653796   -208.85634261918182   -205.45286851586903   -195.34717722640767   -186.34331708064596   -186.33155658201207 
   -7.183065984272072    -7.709478709338245     6.137761361036026    3.4369807784758133    -21.63488627169515    18.581542694393494     17.12686372832948 
   195.81530248445526    196.03539156368652    187.14862374875764    190.20900570353024    201.83779569778903     242.5792815981449     214.7690608676071 
    397.5628234060474     404.3567482275716     399.3830875319771    375.89987376175486      441.347917489111     405.0452237308469      409.432617967433 
    595.6715306785409     594.6491028825648     593.3855593443728     594.8922423288425     591.3734777805525     597.6286330423208     603.9864548332323 
    793.1461736123653     789.3592808583211     789.8306404445192     795.2400195360611     801.4281826992398     800.0581753591417     796.5787570919516 
    993.5329210510415     991.4825412945167     991.6999780511866     993.3916829393567     998.6746773122139      997.549772894155     997.0933384522743 
