Intervals=4

X Coeffs -----------------------------------
   -561.7154628692973    -83.48694285590041    406.10632296617365     909.7526876632418    1430.1405043016205    1948.8808561774383    2447.5848265868235 
   -580.0363277715775   -104.11591884240106    376.91568928509355      882.059087414895    1413.9523571433012    1947.1183266613557    2450.0937604486817 
   -588.4067159702752   -117.39252749759768     374.1147242781798      880.710618776172     1423.248296925065    1932.2048722046397     2458.588301433408 
   -592.3982826311831    -85.01663205375473    386.32510935586936     892.1085267069832    1495.8446712434431      1927.93822876233    2457.2452117704393 
   -597.5826829200937   -109.51911419256204     411.6999138377214     941.8891741235731    1449.8078169486976    1943.6100383423852      2430.65205972569 
   -595.5478544880743   -107.99470129723386    417.25104735454926     946.0270316598913      1442.34464905749    1912.4481830913307     2399.493977864516 
   -577.8817349861918    -97.58579466446253     415.7272477343848      931.714062528273    1419.9863706166416    1898.8046298479214    2387.3950043865684 

Y Coeffs -----------------------------------
   -198.4046788685953   -204.72613768083363   -195.47290046059285     -191.286737721514   -212.78742582294961   -233.39262217977324   -226.49799005256978 
    4.523365617171327    -5.267271826321429      3.11733058615026       26.104612264275    47.830363733325264   -29.906912218899993   -25.565727279520512 
   225.42602756956197    213.99212442059397    223.38826964006458    163.04874728990117    167.31157277763222    155.36909453637827    204.29816806808654 
    439.7167286575629    456.79669524559546     414.4738239223207    366.25125090231575    448.17251203933836    466.99483283711936     429.5683680672461 
    622.8088905501604     621.7355499263055     599.0344423813266      621.754850012871     595.0265380828744      586.280606582712     615.7715295345057 
    797.6803889478739     793.2231464685448     787.6339776098503     770.8387079526004     801.8172476144701     804.8919898518973     790.5650370317736 
     987.309099551222      980.089367421348     981.4077305774549      985.138863492205     987.5514954412919     998.6715794522399     981.8434022267257 
