Intervals=4

X Coeffs -----------------------------------
   -497.4521744126506   -19.463930840373383     471.2916062393171      965.918138336267    1455.5193669603227    1941.5679052463681    2425.5363663292874 
    -509.712888159335    -39.64524243045939     454.7223749222942     960.1206801062704    1450.1252574051498    1939.9333775525163    2427.2576304139147 
   -513.2421590344394    -32.87516825100117     461.2806084597787     958.9880798047648     1457.595914941171    1957.2674636268318     2435.237104797588 
    -517.197769109453   -18.961441872721213     463.8561446909611     949.0232279583281    1464.9518153347017     1955.215365514133    2438.2158393628756 
   -530.7375004558652    -62.78009730731577    432.74602948157906     942.8599608687396    1448.9894446476508      1942.09588981021    2425.4323413638367 
   -541.5600470430307    -63.14742394782628    428.18089386402596     930.5079058289767    1446.5041793597625    1910.7425899367142     2403.034306177563 
   -537.3641028403047    -63.29136159701846     424.7079631595508     918.9567231966089    1411.5981481477004     1901.960220592715    2388.6089382875025 

Y Coeffs -----------------------------------
  -204.53904202520647   -208.04044356576523   -215.95182013463253    -223.8354963045782   -227.38206625161948   -215.70353078918131   -177.97239218664453 
    3.870858722977944   -3.3545579807780244     22.84822862625135    -13.02769276244257    -4.422233554571888     2.209202454077266    38.004565424660484 
   206.48826896736898    159.14415640073986    203.38236614965723    159.73401423343972    206.33573290073426    228.93828464733102    265.03791700207336 
    410.8284050195847    417.64171645813377    406.64883969970606     369.1984170219532     449.1340284940362      456.625167481089    472.55181896971465 
    624.4064831912433     634.1705185722435     597.8392695214038     602.5458512507828     607.6129022021751     597.4713966008549     634.9554373604979 
    832.9924578166606      834.523339726813      811.568486834919     800.2431797069991     799.1174688593334     802.1637142985968     786.5450811440886 
   1022.3705936298087    1021.4220553221991    1006.1938365790627       991.70528709704     977.1085500822504     990.5761160448408     983.4783531389908 
