Intervals=4

X Coeffs -----------------------------------
   -455.9949807962474    19.982797812679586     487.1358570235049     949.5869190019338    1411.4587059136709     1879.139659704874    2359.0182223217007 
  -448.70381365824113    26.766978976983392     492.8496126914753     953.1156588779569     1410.694903785819    1874.3409530038273    2354.6737665859387 
  -440.82282938459974     15.55574041705631    501.77694680466936     968.2018005924339      1418.15198384848     1880.527809410614     2359.178570946174 
   -434.0931501223301     53.20720700564174     519.2694496179369     965.8192877593871     1443.333195317404    1889.0580035345688     2368.987289707148 
  -430.84765476954357     54.96667803820607     516.4342335838934     980.4781378428661    1450.2348364740062    1904.9433977648555     2380.741708244587 
   -432.1104033542409     50.17212052778236     518.8293917250801     988.5289688016788     1431.081703325883    1924.5684754362912    2399.7151970851073 
  -439.00408202960676      43.9563470814054     517.9107676118343     986.6036371833493     1451.016102636546    1923.1658068052325     2398.062201809439 

Y Coeffs -----------------------------------
  -205.41653007653505   -202.91083107093493   -197.03062245916155   -189.55700652428723    -182.4420033082667    -177.7653953467008   -178.16625632005827 
   -4.506107878085049   -3.8247106241524644     9.789206246228188   -2.3173644690479662    -11.61581259661925     24.93674693332725     22.77980582648972 
   199.06709965292671     190.0332288771104    224.02076198577646     222.8923778212839    233.40857027929664    240.89120781466602    218.54941671639503 
   404.03967177919037      400.819680017597     409.0618222165907     404.8292822544751    428.32916589130366       417.61470169941     411.3056959312781 
    608.8508829733782     616.6453679726578     612.5708449041795     571.2680709845276     618.6197750044895     592.1439044428087     603.4922120783593 
    811.6634265463572     818.1791902762618     820.0737738577803     818.0026880722309     799.3502093702884      797.474350641522      815.579985266682 
   1010.6808175415396      1010.83893809891    1005.9071895575419     999.9917336360728     990.7479717113898     993.8405254888194     987.8345571897624 
