Intervals=4

X Coeffs -----------------------------------
  -476.95677603707196    4.9848942425765115     488.2981741180918     971.8286928676134    1454.4220797692808    1935.2702788269098     2413.565234044316 
  -472.46239531493814     8.757047799680517     491.9230088735955     974.7164373585068    1456.2893614897419    1935.3825796801525    2413.4484387305856 
   -464.6573339919203    14.922432202915633     495.8056241445196     978.7538751342531     1453.556621769239    1932.2751467386215     2410.169949303972 
  -456.31812867438884    30.127464748273315     513.9911056104391     987.7040074821226    1445.6870143333986    1924.2785955822853    2402.1671560159843 
   -450.2213159687141     48.39182743154516     509.6700017184459     979.0476012293193    1441.6002600808206    1925.7837840219263    2396.0903443309608 
    -448.170898608857      34.3155320508451     507.0587215489124       975.28059103231    1433.1745004121694     1921.659239928287     2391.941031684514 
  -451.97087932877804     29.28987218114554     502.4597275201456     971.7035576810607    1441.1862336567303    1913.1973646098074    2389.3105474473728 

Y Coeffs -----------------------------------
  -220.06457442934098   -217.93919409284678   -212.62024629727992    -206.6456102425034   -202.57316358555087   -199.80929925428464    -197.7804086337377 
  -24.093953461009562   -28.895075652364923    -9.840029733776973   -2.2863017648505575    -34.29223488176723     5.355943530124462    1.5411173801973677 
    173.8927123607721    164.23110103501145     193.4190293331107     199.5603416788564    202.26540573945326    204.03797846320583     200.9511434803503 
    374.1685191753418     372.3233135230821    403.10773313857464     396.8658537790948     403.1166204568165    401.10989346985485    400.74717406642355 
    577.3893827515052     567.4725175241477      597.534538716897     588.8874349889315     587.6639470108713     606.0539448318004     600.5222343827908 
    781.7834063193959     783.9688903592041     795.8452054853376     791.1603232548969     802.9524103792752     796.6633392900119     797.5847360261305 
    985.8511906291559     988.0778593386693     991.5116227548982     995.0849085634292     999.5341483186866     999.4582076053615     999.3297304487218 
