Intervals=4

X Coeffs -----------------------------------
  -444.88814819233943    16.859886789658894     474.1726298363449     930.3065362477444    1387.9197914015795     1854.560767168353     2337.496023467757 
   -426.8832878470598    20.953236638144944    490.31844601317863     937.4575207913965    1395.6036816883257     1845.419490125254     2336.236473698218 
   -392.6320120316793      44.0153048163241    497.24380459195817      963.817849361768    1395.7469858005084    1857.2845551695268    2348.1157817380113 
   -336.2603912620675     80.35259061479577     508.9353973315834     961.8209775720741    1397.2244516612038    1877.1285464446123    2373.2141317229225 
  -365.86410473700795       89.342633898463     512.3287079532093     954.6436694048095    1379.7741164113536    1871.0786101865085    2382.1359924724657 
   -390.3945502026721     69.15347094805131     512.9294096756702     950.8626128021439    1449.5646696914196     1931.476802791208    2399.3922008460772 
  -409.38126721241144    60.102264907136025      514.847889556649      975.034590601207    1474.4985071547817     1945.421465664071     2423.969629476377 

Y Coeffs -----------------------------------
  -220.08368831904716    -220.1760758348651   -209.80525030010446    -201.7614275553761   -208.83482344129098   -219.04777396744223   -220.42261514342286 
   -33.87712660388343   -21.607247879664133   -2.0075143492450676    -8.936184857030675    -29.10434772417835    -17.93136747356175   -23.949804815632643 
    150.9535829016114    139.78839284678972    181.81424829181944    188.29943198266886    189.99671721558843    195.72746955716153    180.51274393527265 
    363.0944492888122     366.3615045110737     376.8684724602904     376.1394903732128     418.8211592415168     391.1895100693213     384.6597764851351 
    559.6989293257803     578.1837817783023     557.9751806898879      563.279771581251     561.8776757088607     603.3268948812121     581.6961250603375 
    757.6259930613066      755.313625302931      760.435490186764     764.4925632685352     801.2271839464368     809.2259527174446     775.7701872260395 
    962.6466555494566     965.2348923234891     975.0102762570715    1016.5249007507317    1021.1384894738347     972.3185552952882    1017.6819796157987 
