Intervals=4

X Coeffs -----------------------------------
     -501.32381517325   -29.897843608672737     439.8049567458728     909.3765976394172     1380.409090820991     1856.879405352483    2342.7645102957827 
   -491.2158945976409   -17.371472451645285     451.1744354327129     920.8063319062283    1383.4018668897766    1853.6901037530622    2337.9350163497706 
   -467.4295016992428    15.726189053922367     458.6396347373999     925.7976953715656     1392.069332916242    1857.8473143269475    2345.7722580447876 
   -437.5211258418499     48.41811969780049    494.01754400370896     960.2056002631368    1411.1899550750543     1888.099237352082    2359.1964641102973 
  -410.17189679494004      70.8236248411536     528.3495094749761     996.0401331041572    1421.8734661312924    1886.2102976249876    2370.2094844047715 
   -393.6029198358475     92.24692898679442     553.4239005659792    1007.8242832745846     1485.021253798288    1895.3639918864112     2380.055858702609 
  -396.82264380056637     88.86672185701357     555.8812756676255    1013.1032994843115     1466.933702433215    1921.7698524372463     2390.862401018009 

Y Coeffs -----------------------------------
   -201.8073242370259    -195.8827920063742   -193.29954048561842    -194.5770420437505    -200.2996832529831   -205.42330969765834   -204.90164774228873 
  -12.836678694940975    -2.292413792066958    28.493401035190086     29.29468567912722    -9.229598980266333   -0.1738214787368231    -9.617383381888628 
   165.89514625470187     166.3933708957979    146.88313684675896     158.3791548196637    169.90369770735373    202.39377101210312     192.6949211677984 
    344.4218575782489    337.48582174351327    384.10148130067864     372.6451156994422     400.9521713094351     403.0605582118482     392.2571938112248 
    532.3488683413411     546.0948102244791     563.4622963348919     595.7604953334936     553.4866922100365     613.3295339282652     583.6342873495198 
    730.8838503644935     732.7133546423744     724.2903306009929     781.1704386468741     754.8694892464069     767.7060440935719     771.0409909572433 
      938.66471206399     947.6545366909381     963.6732625026762     968.7303406024973     969.8130356403528     966.8514031927757     973.0175178650924 
