Intervals=4

X Coeffs -----------------------------------
  -434.00229795503674     33.41441176330878     484.7802990115672     928.6460210475844     1373.562235129206    1829.7702666673697      2307.51144107301 
   -420.7728678337324     45.53274936222698    493.50855634569405     931.9601119324416    1369.8668814817815    1821.3246650202516     2300.435411668818 
    -400.329223897468     68.80658169060696     514.5701327139511     946.7587462624888     1382.203414049824     1830.760019440641    2304.9404787446256 
   -382.1120674170052    101.00776902238947     534.7090229785596     961.2840016315222    1431.4652349243217    1864.0520974952724    2329.6902550577975 
  -379.23307094430487    105.22732568593541     547.8629430652439     968.1329378661663    1401.5326728172329    1883.7793649078817    2367.1490561475634 
   -386.8368346723533     93.30215194646077      539.975060312925     977.2099592009005     1438.051534232302    1931.6054008186948    2396.4649685008376 
   -402.4765504082614     79.53314081807054      537.053987220281     992.3907274864144    1476.7355744325898    1938.6011698463255    2409.9425761249936 

Y Coeffs -----------------------------------
  -227.63303601035565   -228.74349733350135    -219.1139561738215   -209.59400193808983   -211.07948275079139    -215.2020747140445   -213.60116371625276 
   -36.06041076510018   -35.419124586329545     -5.61924209977053   -11.529306533820087    -22.49848375159558   -22.196246191696023   -19.841352045487575 
    161.2362887463627     153.7577446080629    179.21646012411213     193.5499394121699    183.09867729828983    174.98205246434802    172.47007373571114 
    366.2758892249148     365.2030789249451    389.89326719761823    386.85822855841667    390.39827989201933     359.3084283130522      371.654284053455 
    579.8652552068144      594.087439175846     588.2915075690848        593.8172957932     565.2580195897747     591.5008945514828     587.0041958260615 
    793.4041888406772     792.5532677784305      788.069542447997     791.9497042985778     806.4123803842346     808.7032695584569     795.2921971575972 
    997.9951971959234    1001.5401908842116    1000.2496596052817    1002.9963029655182    1011.5927661765154     968.3063242720607    1014.7809224549202 
