Intervals=4

X Coeffs -----------------------------------
  -458.41010276374067    22.965033871466584     498.5707907384084     970.3486769748578    1440.2402017185875    1912.3550714265439     2390.802992555673 
   -462.9415028919461    13.046199842170875    492.29589910261666     968.7391636928518    1439.3262559354064    1911.4501911486389    2388.7104129666996 
   -475.2942884751773    3.8613790556360663    481.35134000472425     960.1547724282095     1438.080985181168    1893.8807018575806     2392.823865361811 
  -495.47185574990834    13.310280257615174     456.3643138552841     954.3881557525242    1468.4574072246146    1913.0991703624247     2398.312657151652 
   -523.4776009526126   -52.421884176008035    422.48106642790833     953.3704216303662    1463.0132330183021    1926.2740422861782     2400.775540089724 
   -542.3630977274132    -69.37482292911311     428.5883875633243      945.047767753523    1437.0909841168782     1915.928905591068     2400.492019476618 
   -535.1799197184318   -62.439892725012115     435.0217343609297     938.4639537761191     1428.909324924264    1912.6566199708157    2394.9550412501167 

Y Coeffs -----------------------------------
  -212.77380240883897   -235.02679466350682   -241.11663339419576   -241.37977761133808   -245.95153388330436   -240.97259770645962   -212.35581982699136 
    6.285738562761669   -21.650529674329285    -22.95645278775368   -22.907769920591203   -25.758142495018504   -24.745256552524744      7.40778623079589 
   227.86048499403512     192.9771088095596    213.06632743063963    201.40895305891792    210.16475995812897     199.8043125648559     231.5234398024158 
    442.7506379589425     434.1387756451153     411.0763516906317     368.6679009118609     409.7096973326994     436.4500599036658     440.3078492180284 
    641.7843418826208      620.671201314294     590.1417779746794     580.9201577245417     621.8623993567277     588.9671946331679      614.673797596202 
    830.2568824998798      811.443702814545     801.0562084836081      814.896291439289     792.6101232537472     800.2756679155783     796.8866912424267 
   1013.4682027707256     995.5452972287987     988.2795780742874     988.9621678477021     992.0142834847514    1010.4342686769113     982.8164746122759 
