Intervals=4

X Coeffs -----------------------------------
  -442.12213038756124     34.72319961266367     507.0578581678308     974.4318396222806     1436.395138320354    1900.8613282227288     2375.743983290085 
   -434.2807961893325     40.77611506122248     512.7668820063985     981.4681371266364    1438.4415879582723    1898.6089306867384    2371.3844131840215 
   -425.0234291802002    52.420356061789455     531.4086596011264     997.5470696347141    1441.3854190293125    1891.5259003281383    2369.1350855520245 
  -416.67544297190346    60.391632742202425     539.8439365300376    1006.0924954231361    1447.4906953541915     1905.608472637297     2371.735534194706 
   -411.5622511761811      66.6366490595212     538.3551111360276     998.1246238951745    1435.0791864530554    1910.8903570223367    2381.1003548129197 
   -412.6102503207776     67.71806947737939     533.1649387418483     990.1792390895314     1432.856299113281    1925.3946877143233    2395.8657287153487 
  -422.74583693343703     58.36398710935084     525.7449957505751     987.3193910215372    1451.5344096233325    1919.2451259635868     2394.185900980036 

Y Coeffs -----------------------------------
  -224.29303888012703   -225.18550891261202   -218.15190718552589   -210.15290848591192   -208.14918760081372   -207.87110061246526    -205.0490036031007 
  -29.037461647785715    -35.76113343247765   -28.128530051205527    -27.67425057139231     -53.1128990385816   -15.921295216763667   -7.9587269142965305 
   171.39136945629852      165.704913695616      190.529751579143    227.29168608619995    215.81325534257493     199.1479410561799     189.6429936727578 
    375.3877141410023      376.665389094896    394.32810425872947     398.6842998880659    381.05019638999397     392.5791882401344     389.9621806383653 
    581.3728091002096     580.6182129126653     577.0044369861074     574.0519176742567     570.5101327976236      602.308134972117     595.5551529540891 
    787.7917550826343     789.4677317647779     800.3831524306926     820.5364683353207     806.4502507943461      797.071347347918     799.5593032829852 
    993.1166298219977     995.6897499021948    1002.5951521491895    1009.4894863501892    1008.8955455962832     1002.797967919737    1007.3656025774644 
