Intervals=4

X Coeffs -----------------------------------
   -513.7435883363314   -24.828679374077954    480.08233158633186      991.740112391821    1500.8953308893124    1997.9423752420687    2473.2756336133534 
   -519.8546762695274   -32.149916359727634     472.0283139474298     994.6769096263687     1509.168075852286     2007.642386928307     2481.257213226621 
   -521.7884011832044    -33.11291975035034     453.9951315355492     979.9150949902836    1501.4253882656608    1992.9042776059548    2473.2414796231765 
   -520.2150615105583   -10.955411761816945    482.79897697342665     954.0644153802027    1494.1083444295489    1973.2749504080648    2452.8698084495695 
   -515.8049556847853   -37.830646938025644    458.14481081357377     964.2335068439517    1477.4769404249362    1961.3181943407028     2423.801983303357 
  -510.26153502859665   -28.422314293960003     454.1151952395164     944.5211647465952    1432.6219257110288    1911.2169470085078    2392.6580777936224 
  -505.28825086470334   -29.187560320553118    448.46090690960796     929.2469010794808    1409.3424618004133    1888.6378611326668     2366.469000844365 

Y Coeffs -----------------------------------
   -218.3705638473524    -223.2454730056962    -221.3155558586803   -214.00427778781648    -202.2608424707105   -188.97304343661753   -176.64453550659948 
  -11.535603189223488   -18.488856092047904   -25.833909336536994      -28.097317923535    -5.223597334873372    19.814791056828653     33.41870471636566 
   203.10007919308188    170.00664257329908    222.43339035868948     230.6029712050548    210.81517958305483    222.31908533206865    239.23389291413085 
    419.1004042837584     450.6081524083888    413.18605111251793     373.5341404710426     422.8012038796211     448.2489314855855    437.68279709711004 
    630.0292930670007     628.0271174113988      612.711139045859     581.3341234928288     613.0586684233746     600.6060445412654     625.4672629397095 
    833.0622980250685     829.8392391152066     826.7683289033283     849.8913675737363     801.3558221388428     793.9713098757001     807.4032913959531 
    1025.374971640221    1017.0998408987939    1000.8771610140377     988.5443520776083     975.5006936427785    1005.4285294875943     981.7889123209728 
