Intervals=4

X Coeffs -----------------------------------
  -473.53177427500344     7.283745082644008     487.3840390088586     967.0148482563761     1446.421913577932    1925.5101589034616    2404.1845081628994 
   -471.9795458842766      4.21915626288935     483.7066583746726     965.7611154686814    1445.7270400070743    1928.0551583055064    2404.2097326727057 
   -470.4878653485303    23.730503786745434      491.935477578243      988.681599497667    1445.6835369455835    1910.4899848131238     2402.761759306055 
   -469.6046348503605    36.671970857039284     480.5600250231229     980.5899022136934    1442.9446213886793    1920.0212788451306    2401.0807885394847 
  -469.50794776530654     5.243887656458844     478.2529961336009     961.0615119083587    1438.9329121435787    1922.6131476502012     2399.060337372974 
   -470.1146200985498    10.976410605592188     489.9269210779536     967.9781688862448    1436.8988811099964    1919.0775721467992     2397.433545809931 
  -471.78370967906403     8.302414573203675      486.687679892787     963.9708693643634     1440.708392664154    1917.7475555736294     2396.242066989778 

Y Coeffs -----------------------------------
  -233.05792276712108   -238.77916821777333   -240.14514479240896     -238.236735860997   -234.15181090501667   -228.42099741998575     -221.577753920007 
  -34.986048175452915    -41.23308482919704   -19.758016036238455    -42.36670252607588   -43.383060128651394   -28.714908455996987   -22.517000270707257 
   169.49577350980988    128.54092408382652    165.13648959724514     177.7055971685323     140.8916496761919     167.7413673234672    181.43858329140636 
    378.2958827545419    372.22132563371616     372.0590940356639     391.7134309696546     382.4048315028946    392.86552871633546    388.26873396814716 
    588.3363498240891     598.2654633425199     581.0963659291974      611.157585862006     604.3540922777462     596.8157752214888     595.1326442351398 
    797.1744365965444     790.9987044913075     796.6782110035117     815.2931631352426     796.3110123578673     798.0659078025166     802.3616458269876 
   1001.7805138915265    1004.9955516609065    1005.1864174254054    1006.2078799172638    1005.6288845244113     1004.406617969422    1005.3791586311411 
