Intervals=4

X Coeffs -----------------------------------
  -478.91175944754434    2.1705951243392674     479.8906815477233      950.801670328384    1411.4567319720973    1878.3642981281284     2368.032800445743 
  -477.36893234348787    2.6033541248156706     477.9220523534848     955.0464153813368    1406.8801296646911    1864.1273639967476      2356.21588876721 
   -480.4367538731665    13.467753677991087      521.980564233237     955.8778198152305    1410.0514023406856     1838.385886966861    2365.9099928070787 
  -484.96364583816825    12.758012021515796     456.0943723149666     927.2535113807398     1452.166247504216    1902.4651671563454    2383.5786091112777 
  -487.17976868686065   -19.222777358122332     445.4806181219546     955.0859094067713    1446.1831139186054    1917.5035832554465    2394.3983879037255 
   -486.6542316650573   -11.802205897264605     472.6208645839257     958.7989469121605    1435.2632688704546    1920.3845589186415     2399.700869681803 
  -482.85310045970164    -5.655760931035382     476.2141991733833       959.52636543472    1440.6165764185487    1920.6493673546947    2400.1657411777037 

Y Coeffs -----------------------------------
   -218.9721413255803   -218.17674002384436   -215.54070580478793   -217.14202299925597   -229.05867593809347   -236.24626608760664   -223.66039491410177 
   -17.67398891825456   -17.369435870964093   -1.0040508068067981    -10.20295141741807    -6.778956550809968     -39.4013225169696   -25.848920435597535 
    182.9753356596236    120.87172089538906    192.67776125486188    178.35026995102643    168.58111424338944    192.52317597507468     199.9534928251111 
    385.5871605038722     387.4838453101002     386.6012455583953     396.3823355991833     420.1529012007006      442.603109843798     423.0154698458372 
      591.34198710854     595.5647097856112     573.4363598097685     603.4554470876639     619.9312453569652     595.2909496783424      612.703375683289 
    797.3251184975683     793.3315595632552     795.6114480186782     791.3085620598304     791.7722608085041       801.25157055953     793.0867438112766 
   1000.7494003684682     999.1264838951669     997.0649539864244     993.1542949200826     991.8989319719864    1001.2834977082904     984.3112096658224 
