Intervals=4

X Coeffs -----------------------------------
   -464.9453441056266    10.973193461117617     481.6137852485963     949.2544216564133    1416.1730930841734    1887.4608903343606    2368.2089042094613 
  -458.40227262137284    15.787896907890664     483.8220190890943     948.9511113192948    1413.1302020654834     1884.596722375043    2363.5604972465653 
   -447.3125053136156     21.60576237737971     485.8616012012615     950.7273598045542    1401.8927508841743    1856.5818936626665     2366.183764922415 
   -436.5990358208474     61.46165507929222     498.6727457633861     951.3145890728566    1415.5244562522566     1914.449808520512    2374.5834369227437 
   -431.2136438104852     65.91595347134376    510.33902576877927     958.6241353244637    1428.5720163261067    1914.7795645142826    2385.6292325814657 
    -431.651120256397    47.679969030824736    509.37402460301234     965.2424452587358    1438.2882704214578    1921.2940054565454     2395.760415560605 
  -438.36289899565537     42.62091384810902     509.3276917264632     974.1473088775165    1448.7946524308707    1925.6717810535367    2399.7812391703696 

Y Coeffs -----------------------------------
   -217.7796110585799    -217.4740130991663   -216.76481351844757    -218.0438704555519   -223.70304204960755    -227.0053794819977   -221.21393393410568 
  -22.242215194559282   -21.735603452812487   -16.774246452859046    -38.42323320884333   -36.644517303075624   -30.283445185631617    -25.56406263772344 
   168.00276287667043    137.62298246431868    213.01373186961825    197.31491391136487     188.2390747927027    171.74569971675768    178.24536860169718 
    359.9358940944289    354.37437422637004     427.8800079020351      361.595664768453    367.07869447383626     380.5730328835108     387.4161422948461 
    559.4306945919809     556.8096636282565     580.2548250576453     563.8891163787928     571.6317428308008     609.0987532611829     594.2566920043652 
    764.3293583930163     758.4261457504944     772.5321558332643     795.1170531864265     810.2365290704611     793.3455255781554     798.5704562957675 
    970.9593091602978     974.1860506849625     980.0452524585035     989.4893746660479     998.7986206220721    1006.1544733837661    1012.9629096889312 
