Intervals=4

X Coeffs -----------------------------------
   -538.7872229364509    -55.53940693189106      444.278889188687     952.8361683228546     1462.300933368183    1967.2596117030366      2462.29863070578 
   -557.0508462769864    -76.81858274070665    429.58567685341444     949.2438919976227    1461.7177835114287    1974.3699308814105    2469.9574136219208 
    -576.391185013204     -83.0584791714724    434.93833992888887     983.7753516162413    1511.8528337870612     2021.502704054859    2492.1431217853046 
   -589.9329077576709    -83.11045201685799     430.8197480826931     999.5198446750459    1552.2908203671645    1976.2085604212125    2496.1202746500862 
   -590.8006831229537   -107.24577459591232     422.9838271393459      972.576869036104    1508.8856935265792    1979.9959783471775     2449.258990087459 
    -580.695641608825    -97.56966623990877    437.79575987669193     975.3844703035769    1422.4191900539024     1903.280019978436     2396.735694938784 
   -561.3189137150567    -80.14137628134976     435.6728090169668     947.2037377719137    1415.2779739714056    1879.8876398121315    2380.5445217491388 

Y Coeffs -----------------------------------
  -216.66707430129284   -217.61984480380048   -226.39279631166735   -242.50942251223472    -265.4932170928437   -271.83825340026584   -238.03860478127282 
  -1.0708423199992019   -0.6173334045027284     5.782861595795186    -45.93819000509841     -47.0179025946421   -48.165924827956125   -27.317370353711638 
   211.80123515542417    164.10355281425961    187.43435715221202    153.54279699395659    198.26536769568625    235.92251357771025    245.67291485375026 
    419.0517730854164     432.4874672874949    408.27116468393183    358.49632269595173     453.0782211608688     530.2504310452995     498.8227696144568 
    617.7833864304165     610.2529744488936     591.5342950725144     605.9752712066152     652.2521973491781     608.5172952514052     650.0510737482791 
    811.9397907688283     812.8865131675792     832.2628106165591     836.9853545826774     779.7689578624448     784.0419606746583     796.4720091446062 
    1005.464701679055     1000.530777376513    1006.1946680364713     1017.825062737552    1026.7906660808621    1038.7230381702916    1029.3059955396611 
