Intervals=4

X Coeffs -----------------------------------
   -525.2026610697909   -44.738564859091326    440.53916082229375     928.7850136658241    1418.1534913629594     1908.478637092199    2399.5944940320414 
   -523.7179341748991    -45.13661909470628      439.449949056046     929.8481908733754     1417.590776142862    1904.7525708234873     2396.260975623072 
   -515.2490006107824    -36.91047449175047    466.33279687540374     941.9466725589895    1438.3411943091992    1903.7485732663872    2401.3570239577507 
  -505.43379833732223   -19.781129172751328    469.91798476412225     926.7099999300607    1440.6748618694785    1924.4098759889887     2407.040968972939 
   -499.9102653143995    -25.73252402894765     460.7138467400533     974.6038538144056    1453.6287530764077     1931.693177903226     2404.647875403376 
  -493.73533859867297   -24.882776130321286    464.96081990325854     975.1498294331296    1430.1074037428991    1923.9606444959616     2396.467073141434 
  -481.96595524680146    -11.52610857182482     471.5262122154689     954.4408563680548    1427.1229790817663       1892.6088933544    2369.5892640997704 

Y Coeffs -----------------------------------
   -231.9699482153779    -232.6761018894733   -216.98175419761117   -215.70076261524127    -259.5016675756439   -297.05438822479493    -276.8835266665005 
  -39.291071578178084    -42.29106487459024   -26.491330132892497   -15.171412346139029   -40.607829305517825   -106.87645802932893    -71.08720016281498 
   161.30229605093538    136.29513535704848    212.79154893311804    220.17806526656267    223.72184322215796    186.27001019283165    192.41600141841764 
    368.5147100892022    383.61981794263835    374.38959780337314     392.3529108920496    452.65610173401404     474.8955071440243     444.6931593662163 
     581.050725953862     594.7350949549462     595.4449452088671     530.6868637860689     671.1871416187919     579.9032983146499     625.2836574199748 
    789.7353982933654     803.8173051684026     833.9938572595934     866.3365257956143     778.6375789533387      802.080864451469     804.8950638838161 
    985.3937817561632     991.3200664586899     989.2430153897998     991.0103882635195     986.3679159926528     1002.851943925692     993.0981668107326 
