Intervals=4

X Coeffs -----------------------------------
  -428.63448338391214     42.59371916713825     497.1524899482844     941.9442832501658     1383.871553363422     1834.277447630274    2304.5051133929437 
   -428.2170044516569     43.58174723148381     500.6191284569807     957.1977829156438    1410.4929247280918    1836.0637728470272    2302.4739117073977 
  -439.09712141341646    29.622268885962672    473.36988249994545     932.0064520956089     1376.969658357006    1837.4920542310283    2306.9312495978525 
   -458.8019006289552    17.533507714891524    475.63969714412394     923.1992429845571     1340.473811024475    1837.0832158228845    2326.4418081260233 
  -484.85840845803796    -8.625919719854114     464.7116339497853     934.7040373880694    1368.6472280354487    1890.8353177200954    2367.0044094947293 
   -505.7019241361325    -33.72757558536162    452.60111418542107     947.7632105438782    1459.8608416688264     1916.629993666585    2412.5537285453765 
  -509.76772689870694   -27.362570363072138    465.07841344746174     964.1683749060796    1466.4670273401127    1963.8599590207407     2448.555040637071 

Y Coeffs -----------------------------------
  -199.57877606509584    -200.5360828687913   -193.86941418794865   -187.81449050100392   -190.60703228639306    -196.8735147692812   -201.24041317483324 
   -6.836024547463919    -10.64726285658894   -10.167177633290928    -69.83243176664135   -53.804854271102535    -21.34082871458804    -6.747297402467282 
   186.32306121944683      170.911096280844    180.66311069160582     257.8340386633839     234.0107966337845    189.57096036064172    185.05553862027375 
    384.0190322165318    371.02301091207494     349.1916387204685     330.7813558890219    327.62646760239903     348.5325579240033    376.83605062900773 
    590.3724394246865     592.5748948468315     544.6037874946328     446.9696246941834    489.28699891963447     636.7461504119502     572.2869205178588 
     797.746510499753     802.7475729778015     824.4581508652436     835.2903668305319     824.9139925842709     789.1859790423798     786.3397921322733 
    998.5044730975739    1012.1937484923458     1027.378575864253     1042.641373971545    1042.9208790837129    1006.3545286799302    1039.9663019966276 
