Intervals=4

X Coeffs -----------------------------------
   -560.3028701602634    -78.19277057331912    425.17857193925335     939.6254606073633      1454.96219866092     1960.794691453444     2446.728844338457 
   -574.5550699562082    -90.31170366775869     415.0546554868664     939.9850998967547    1463.0514244944418     1968.890192845643    2455.7177206346023 
   -578.7165550585314    -93.21648176650966    416.76740137313317     929.9292772888335    1468.5417128437348    1967.6069978710605      2453.17069539597 
   -574.3825290667604   -118.05128291759392     456.1975957650862     935.0293587156897    1477.9333967884406    1963.4730159317328    2441.2361335265623 
   -565.7680410916565    -84.13142484661456    415.61815633989244     934.6955840177544    1470.3055165025062    1958.0218084966632     2424.036194921087 
   -553.7906899502924    -72.45019444751453     423.2080424671335     931.9986873407455    1435.8770498469055    1917.0164575909346    2389.2790294081224 
    -541.555344050723    -66.77667174634338     417.0607807533999     906.9270064819694    1394.5526653781878    1876.0246820174375    2347.4761167606453 

Y Coeffs -----------------------------------
  -170.95183563915018   -196.63166741512953   -216.26092399568932   -226.33351492799008   -223.23812130640522    -205.2010747845336    -170.3434785631868 
    41.48351685675858    11.693390905372341    -7.504217612704055    -13.02398076710098     -6.00904971093349     7.799212807969587     42.47711506290098 
    250.3942438017441    227.97401813337908     208.5625086877902    198.89757944361122     186.7200083283774     216.4094855173218    245.81926699585247 
    454.7322092038754    448.50352118560073     405.5745794612474     396.7237397028505      415.127883240762    438.98964780735287     439.1809126780295 
    653.4492770712214     637.2123461835284     619.2915624393567     598.1195474136471     626.7747812513362     587.2978551961932      624.813989626901 
    845.2867581881878     833.6330835159539     838.6815472943921     830.4792782900782     794.7233323738292     800.1048331206501     803.6173884631638 
   1028.9859633391802    1017.9697162386138    1004.2290087006933     990.1841380057967     980.6117114265713    1003.5415044974382     973.8071263259731 
