Intervals=4

X Coeffs -----------------------------------
   -509.9174309546158   -31.488541525998865     455.4425502178261     944.5841286259827    1429.6444780475945     1913.602246787904    2399.4360831521544 
   -517.5337954722938   -43.155012945336125    445.55475495009443     944.1798683388527    1427.8464265238983    1912.2713270792924    2398.3398940663537 
   -522.7065365031157    -52.37063453528437     445.6338155248398     969.6490836843573    1439.7958787178009    1909.3554600853586    2403.3139350673227 
   -524.4227999542043    -41.72041688402474     455.3711374694624     947.3016156003522    1441.2007636395927     1925.045245146658     2408.410117013646 
   -521.6697317326829   -43.201489657160415     444.2830210019153     924.5985012635851    1431.5406815704243    1921.2624952026442      2407.30165365618 
   -515.9174140268104     -37.3615155512448    450.82452941290205     943.3444264732874     1446.404102254674    1915.9824234926211    2400.8737053906602 
  -508.63592902484646    -29.92448623842175    455.98057365612067     945.0189870014788    1433.2096897653944      1919.45922565498    2403.3235190934715 

Y Coeffs -----------------------------------
  -225.79509322564564   -230.91032082021053   -240.57987990033402    -247.2768676276812   -243.47438116391726    -233.9261828045462     -223.386034845072 
  -23.322102337716633    -34.48124755207532    -31.43968687945774    -39.17184682529039    -49.73196617980775    -31.96686072364948   -22.506260903365447 
    184.5234123271164    155.14197997024783    175.92479599649118    149.62394794930208    160.55669690198798     203.8588034641877     193.2715539084552 
   392.98652077646125     398.3297141994746     393.1306557116437    376.59589756061126    397.36850642254274    426.69402429252165    407.76579913846115 
    597.2939818351338     595.1111441220858     586.0709800271318      595.048338333324     593.4085158937711     600.6888528406274      604.903548788387 
    799.7753437774812     798.3989855946594     797.1109019796814     788.8674786327456     801.5295761503772     798.3356010668974     796.9275003476046 
   1002.7418436950594    1002.0124604654768     1001.645285878045    1000.8704277436593     1001.261472917547     997.6481884282151     998.8210712016436 
