Intervals=4

X Coeffs -----------------------------------
   -512.3860029113813     -32.4985778283837    455.24094320930806     943.6760392571024    1425.6501893704078    1908.0163485202206    2397.6274716775374 
   -518.1622661943235    -37.11431913280448    453.28191840462057     943.4013608639084    1426.0524654042033    1911.8984003331934     2398.388777172843 
   -518.4866374505551   -34.525027888931916    461.49641928868664     953.2008291732934    1451.7543380470265    1927.0760488579892     2414.555868207062 
   -519.3764139820948   -20.351094086904027     473.8115871943556     950.6628931260572    1462.6574948726707     1928.906018465753    2428.4945770006093 
   -526.8488930909614    -68.45441354201039    427.92387905195096      958.321481169207     1487.916588050463     1945.590688248817    2422.5707357739025 
   -531.3044539929823    -55.52441508857832     436.6572199073415     944.7779593008956    1431.7143156792579     1916.027288068762     2400.234739778144 
    -523.143475903985    -53.47448973569394     431.6508877183195     920.6527192117849    1401.5891097720269     1881.111150410188      2364.93698426454 

Y Coeffs -----------------------------------
  -207.57278829563842     -219.759342659631    -222.0303026321862    -225.2107482348656   -240.30387704735213   -241.82332881942895   -204.33105554979085 
   0.7109797964985234    -8.829456690622601     6.164735428807106    -29.41584737835255    -3.511797427992411    -28.73947094064571    12.270363142652622 
    213.0837203364041    127.37247952546961     218.0640125535212     179.2746608350604    196.73140318564586    218.04740901094436    249.59364512555592 
    422.3255878813073     421.3894366188117     425.1501653684392     394.5395981570493     437.4841941742221    474.85591385209005     469.9497327656769 
    621.2167369884374     629.3727335849633     580.7758877970332     562.6484325724977     617.1517653658937       599.77544453983     636.4937551793472 
    814.6060045982572      811.926864204596     823.2959400556225     869.4053509902047     796.6233756768128     796.1536765609662     798.9382314227233 
   1007.3422276512292    1003.3062041785977    1002.7625039964411    1002.9366472769269     985.4960580032124     1001.415015719516     988.0012232961597 
