Intervals=4

X Coeffs -----------------------------------
  -464.95637885631226    12.043399589506897     486.5757907995215     957.1902805837964    1422.4363547523965     1891.382773979386    2373.0982989388285 
    -462.845972430731    12.805721229498618    490.15548417248385     962.0961517594609    1421.6682882525538    1885.2244461637576     2366.683299965988 
   -461.7558368181165    14.784369635015803     495.3854455659743     969.1909578063546    1433.1818434652944    1872.1491935026816     2365.972307929768 
  -459.64417068771485    17.784428642919902    493.85959669768096     973.8339839428517    1458.7497307515966     1904.495466454481    2379.6650462408197 
  -454.42507794808995    39.606088830699306     504.7855180666088     981.9692887330841    1443.0794708397025    1900.7650817179956    2388.8012201077395 
   -451.4569841226554    30.912747599410924    501.16206951707403     972.5569315014567    1433.6910368039967    1926.1893015580317     2396.650227145445 
  -455.95073471233104    21.845385826284907    497.82496671319706      971.051947595685    1446.1029995036456     1923.486024649686    2400.8811305697095 

Y Coeffs -----------------------------------
  -203.34367470397692   -201.54369978205804   -202.79694247038657   -205.03687918396804   -206.30879362884897   -206.23610315969856    -204.4608596796928 
   -6.806383300959424    -4.072678589157126     11.32603473455188    -4.546014519577883   -14.655121801051417    -9.600494083720982    -4.415795355944613 
   183.99305104279483    181.22256034291655    177.53863266229894    177.78239024744832    175.24142474301777    199.27900402413823     195.2932169032596 
    376.4025397745996    378.41015904183985     373.2833872366799     373.9649490350993    394.41044667599107    402.23873063450435     395.8397439793686 
    577.5866631006381     565.5516359866863     588.7730491656757     590.4684245808365     566.5160586104198      592.639699135175     599.3082888971257 
    782.2014179974524     782.8505419641825     789.3623752589116     781.4043492902712     807.2728759448686     803.3256105811367     792.2454600926793 
    984.6298881229101     987.6535155716388     991.8608089097469     998.5997043896251    1010.0183890531397     992.5285245647797    1011.3701692776451 
